UniqueCount	AmbigCount
571	0
162	0
168	0
53	0
530	0
74	0
106	0
3	0
101	0
266	0
152	0
4	0
1844	0
0	0
43	0
136	0
295	0
161	0
259	0
9	0
83	0
409	0
8	0
6	0
71	0
0	0
3232	0
10	0
0	0
9	0
156	0
22	0
814	0
50	0
114	0
2	0
7	0
412	0
197	0
17	0
1463	0
9	0
92	0
457	0
880	0
31	0
61	0
0	0
2928	0
180	0
1625	0
294	0
50	0
81	0
15	0
243	0
83	0
0	0
442	0
259	0
3335	0
722	0
0	0
350	0
0	0
23	0
91	0
54	0
110	0
0	0
0	0
15	0
1051	0
602	0
2179	0
1265	0
25	0
62	0
0	0
311	0
9147	0
0	0
612	0
279	0
2610	0
156	0
80	0
524	0
843	0
53	0
347	0
0	0
382	0
157	0
52	0
0	0
0	0
34	0
3	0
19	0
0	0
0	0
243	0
965	0
134	0
654	0
309	0
0	0
13	0
985	0
2543	0
1	0
102	0
393	0
0	21497
0	0
53	0
12	0
8	0
0	0
8	0
212	0
3808	0
0	0
75	0
329	0
130	0
121	0
0	0
249	0
0	0
24	0
0	0
0	0
0	0
0	0
208	0
0	0
48	0
104	0
0	0
292	0
373	0
255	0
124	0
3090	0
716	0
44	0
1391	0
63	0
2121	0
211	0
210	0
7650	8
311	0
2324	0
0	0
167	0
3	0
13	0
802	0
8	0
13	0
37	0
169	0
994	0
0	0
14085	0
29	0
153	0
0	0
151	0
212	0
67	0
107	0
13	0
36	0
119	0
11	0
538	0
50	0
867	0
767	0
98	0
360	0
149	0
59	0
9	0
67	0
231	0
560	6
4671	0
0	0
26	0
0	0
11	0
787	0
35	0
306	0
0	101
229	0
0	0
1	0
37	0
5	0
380	0
18	0
13	0
0	0
0	0
118	0
65	0
0	0
146	0
165	0
31	0
10	0
99	0
1194	0
16	0
67	0
359	0
121	0
246	0
0	0
256	0
0	0
331	0
0	0
142	0
126	0
14	0
762	0
204	0
9	0
725	0
0	0
331	0
1778	1
16	0
9	0
19	0
1561	0
130	0
0	0
109	0
53	0
11	0
0	0
933	0
6	0
0	0
16117	0
0	0
26	0
156	0
0	0
331	0
102	0
598	0
13	0
1233	0
14	0
112	0
33	0
610	5
31	0
33	0
373	0
0	0
0	0
318	0
803	0
0	0
269	0
23	0
191	0
0	0
94	0
55	0
78	0
1049	0
60	0
0	0
39	0
43	0
206	0
0	0
1	0
10	0
138	0
252	0
2777	0
188	0
319	0
29	0
115	0
26	0
136	0
52	0
48	0
229	0
63	0
1253	0
0	0
8	0
160	0
40	0
2185	0
6	0
0	0
46	0
387	0
0	0
222	0
0	0
76	0
38	0
1406	0
113	0
31	0
0	0
58	0
0	0
41	0
111	0
944	0
395	0
18	0
0	0
816	0
11	0
218	0
41	0
0	0
0	0
29	0
2	0
72	0
1	0
56	0
451	0
313	0
363	0
438	0
0	0
19	0
283	0
1754	0
40	0
107	0
20	0
18	0
45	0
5166	0
1024	0
0	0
108	0
0	0
319	0
36	0
182	0
760	0
14	0
3004	0
21	0
887	0
191	0
260	0
5	0
19	0
143	0
0	0
83	0
0	0
1262	0
0	0
12	0
29	0
96	0
2	0
322	0
789	0
0	0
0	0
1231	0
395	0
692	0
32	0
14	0
493	0
37	0
409	0
137	0
43	0
9579	0
12	0
509	0
504	0
0	0
119	0
7445	0
224	0
60	0
58	0
152	0
70	0
102	0
0	0
98	0
1765	0
2388	0
116	0
6	0
152	0
322	0
1387	0
0	0
33	0
947	0
2077	0
302	0
84147	5
0	0
90	0
115	0
0	0
20	0
206	0
978	0
989	0
0	0
0	0
12	0
63	0
725	0
709	0
335	0
161	0
11	0
43	0
74	0
53	0
1539	0
0	0
507	0
7	0
10	0
350	0
0	0
95	0
0	0
141	0
1914	0
46	0
2838	0
53	0
13	0
49	0
797	0
147	0
832	0
10	0
22	0
10	0
1	0
487	0
0	0
185	0
229	0
0	0
117	0
241	0
62	0
74	0
16	0
9	0
34	0
56	0
193	0
0	0
189	0
26	0
235	0
143	0
111	0
0	0
0	0
388	0
0	0
30	0
664	0
0	0
5	0
103	0
2	0
0	0
614	0
22	0
1	0
92	0
4	0
100	0
0	0
126	0
1294	0
0	0
0	0
476	0
10	0
827	0
12	0
15	0
3275	0
275	0
18	0
1456	0
174	0
121	0
13	0
158	0
328	0
299	0
0	0
17	0
0	0
0	0
62	0
126	0
377	0
74	0
220	0
266	0
129	0
268	0
209	0
61	0
0	0
544	0
53	0
1796	0
0	0
270	0
19	0
73	0
0	0
151	0
122	0
209	0
41	0
524	0
0	0
141	0
88	0
0	0
52	0
10	0
132	0
116	0
0	0
165	0
295	0
51	0
43	0
775	0
422	0
831	0
202	0
0	0
5439	0
38	0
0	0
14	0
7	0
75	0
0	0
10	0
340	0
2585	0
317	0
98	0
292	0
21	0
0	0
12	0
31	0
59	0
884	0
11	0
70	0
9	0
1	0
0	0
0	0
23	0
42	0
37	0
284	0
80	0
0	0
35	0
140	0
863	3
964	0
199	0
39	0
251	0
0	0
0	0
0	0
981	0
971	0
378	0
54	0
0	0
180	0
60	0
46	0
6	0
14	0
18	0
86	0
0	0
121	0
18	0
152	0
149	0
7	0
17	0
51	0
51	0
612	0
91	0
20	0
5353	0
122	0
347	0
79	0
33	0
458	0
52	0
471	0
0	0
46	0
43	0
33	0
0	0
14	0
91	0
5463	0
261	0
122	0
206	0
37	0
104	0
58	0
820	0
5	0
0	0
17	0
1319	0
78	0
115	0
330	0
46	0
0	0
108	0
87	0
597	0
316	0
34	0
20	0
12	0
8	0
194	0
32	0
51	0
42	0
83	0
0	0
50	0
11	0
956	0
0	0
65	0
133	0
14	0
265	0
564	0
77	0
0	0
352	0
0	0
0	0
0	0
153	0
205	0
12	0
0	0
298	0
82	0
0	0
477	0
282	0
0	0
0	0
661	0
232	0
5	0
41	0
6489	0
339	0
1875	0
5056	2
12	0
267	0
89	0
0	0
166	0
11	0
0	0
54	0
1667	0
191	0
1660	0
0	0
1367	0
219	0
47	0
383	0
60	0
57	0
15	0
140	0
119	0
13	0
182	0
102	0
0	0
0	0
102	0
0	0
68	0
260	0
110	0
61	0
443	0
77	0
460	0
0	0
19	0
265	0
7	0
1107	0
1232	0
20	0
7	0
4	0
703	0
0	0
66	0
23	0
14946	0
162	0
304	0
345	0
1566	0
410	0
818	0
0	0
0	0
158	0
281	0
1769	0
32	0
630	0
0	0
354	0
195	0
41	0
54	0
397	0
206	0
4	0
278	0
1071	1
213	0
1869	0
62	0
307	0
362	0
2	0
88	0
360	0
0	0
7	0
83	0
89	0
16	0
259	0
252	0
626	0
62	0
52	0
9	0
0	0
4640	0
886	0
3959	0
0	0
936	0
51	0
80	0
0	0
461	0
131	0
91	0
273	0
209	0
1264	0
1813	0
430	0
0	0
65	0
173	0
0	0
29	0
0	0
0	0
244	0
0	0
0	0
771	0
152	0
157	0
3422	0
296	0
0	0
712	0
282	0
0	0
326	0
195	0
15	0
103	0
26	0
57	0
2073	1
0	0
542	0
630	0
21	0
260	0
59	0
249	0
0	0
0	0
87	0
1471	0
4	0
51	0
0	0
12	0
126	0
0	0
206	0
95	0
522	0
39	0
44	0
0	0
272	0
11	0
0	0
15	0
0	0
0	0
415	0
0	0
0	0
32	0
11	0
0	0
13	0
18	0
1	0
14	0
506	0
7	0
67	0
31	0
0	0
349	3
633	0
31	0
1646	0
81	0
25	0
353	0
122	0
33	0
103	0
362	0
39	0
241	0
6573	0
0	0
507	0
0	0
20	0
28	0
66	0
29	0
0	0
30	0
128	0
296	0
4746	0
647	0
124	0
7	0
0	0
1805	0
442	0
12	0
59	0
283	0
220	0
0	0
1838	0
239	0
70	0
29	0
439	0
404	0
47	0
51	0
108	0
516	0
62	0
0	0
222	0
0	0
557	0
5055	0
21	0
2	0
0	0
988	0
8	0
660	0
3041	0
369	0
5	0
0	0
94	0
263	0
19	0
28	0
287	0
0	0
7	0
1016	0
21	0
822	0
84	0
6	0
326	0
2	0
224	0
81	0
0	0
1040	0
1	0
296	0
1086	0
119	0
136	0
1817	0
484	0
35	0
724	0
0	0
450	0
6	0
3	0
73	0
53	0
76	0
24	0
58	0
260	0
9	0
183	0
348	0
229	0
18	0
65	0
19	0
672	0
2454	4
5	0
40	0
212	0
78	0
0	0
236	0
0	0
4	0
0	0
0	0
868	0
46	0
79	21497
31	0
298	0
288	0
0	0
222	0
1085	0
5069	9
83	0
0	0
15	0
0	0
1990	0
11	0
0	0
671	0
87	0
44	0
582	0
86	0
0	0
16227	6
248	0
0	0
359	0
0	0
92	0
151	0
105	0
236	0
41	0
6980	0
22	0
511	0
271	0
410	0
35	0
0	0
10	0
151	0
1100	0
1727	0
715	0
34	0
0	0
69	0
152	0
252	0
88	0
117	0
21	0
16	0
225	0
36	0
0	0
6	0
462	0
69	0
95	0
0	0
58	0
36	0
42	0
10	0
217	0
892	0
130	0
0	0
207	0
84	0
830	0
212	0
407	0
124	0
20	0
34	0
0	0
13	0
2653	0
0	0
0	0
112	0
236	0
312	0
4	0
242	0
9622	0
803	0
31	0
0	0
168	0
11	0
118	0
378	0
0	0
7	0
143	0
724	0
7	0
467	0
67	0
13580	0
609	0
54	0
45	0
597	0
0	0
11	0
863	0
12	0
5144	0
795	0
4991	0
92	0
407	0
12	0
0	0
0	0
136	0
50	0
786	0
103	0
215	0
1198	6
0	0
8	0
444	0
907	0
187	0
1203	0
122	0
1542	0
1037	0
5	0
0	0
11476	0
22	0
0	0
0	0
17	0
0	0
15322	0
56	0
72	0
26	0
0	0
30	0
176	0
0	0
36	0
130	0
6	0
140	0
295	0
9	0
552	0
32	0
131	0
7	0
42	0
97	0
417	0
6660	0
97	0
794	0
30	0
67	0
78	0
83	0
796	0
233	0
253	0
291	0
201	0
0	0
9	0
0	0
0	0
0	0
216	0
53	0
9	0
584	0
0	0
51	0
480	0
58	0
55	0
141534	13
54	0
5	0
139	0
534	0
3448	0
69	0
38	0
1805	0
332	0
35188	0
135	0
22	0
9	0
283	0
273	0
410	0
890	0
21	0
33	0
0	0
0	0
27	0
39	0
369	0
67	0
6773	0
173	0
7650	1
252	0
65	0
271	0
248	0
250	0
142	0
177	0
0	0
0	0
168	0
414	0
145	0
155	0
1	0
32	0
597	0
1477	0
83	0
24	0
80	0
230	0
902	0
7	0
4	0
176	0
17	0
126	0
188	0
0	0
1187	0
19	0
193	0
92	0
661	0
1130	0
85	0
117	0
381	0
17	0
387	0
57	0
153	0
0	0
78	0
41	0
457	0
8327	0
186	0
74	0
33	0
158	0
15	0
0	0
127	0
48	0
24	0
233	0
215	0
830	0
534	0
35	0
0	0
131	0
570	0
9	0
8	0
35728	0
19	0
281	0
233	0
1	0
327	0
10	0
226	0
14	0
356	0
115	0
0	0
0	0
400	0
11	0
457	0
34	0
0	0
2141	0
562	0
135	0
0	0
234	0
62	0
139	0
185	0
75	0
515	0
0	0
86	0
906	0
222	0
70	0
0	0
22	0
247	0
643	0
64	0
208	0
0	0
56	0
5	0
428	0
3	0
22	0
0	0
73	0
55	0
200	0
67	0
0	0
10	0
579	0
498	0
77	0
817	0
0	0
2601	0
49	0
155	0
420	0
263	0
0	0
0	0
8754	0
511	0
21	0
296	0
563	0
63	0
496	0
6	0
13	0
98	0
2784	0
0	0
698	0
7	0
120	0
236	0
42	0
0	0
46	0
76	0
1	0
0	0
107	0
0	0
9	0
0	0
82	0
4	0
81	0
10	0
206	0
89	0
5	0
1	0
2936	5
0	0
135	0
268	0
218	0
0	0
52	0
48	0
196	0
305	0
85	0
0	0
3	0
81	0
168	0
64	0
625	0
0	0
0	0
5001	0
335	0
1489	0
4876	0
0	0
99	0
235	0
475	0
65	0
20	0
8616	0
97	0
0	0
96	0
0	0
2099	0
382	0
387	0
7	0
98	0
16	0
146	0
940	0
62	0
5	0
0	0
0	0
50	0
741	0
712	0
725	0
139	0
74	0
6	0
150	0
190	0
15	0
553	0
134	0
12	0
13	0
0	0
79	0
277	0
185	0
0	0
133	0
3	0
248	0
97	0
0	0
709	0
152	0
301	0
36	0
7297	0
25	0
115	0
5	0
0	0
198	0
3822	0
880	0
426	0
29	0
93	0
10	0
37	0
246	0
0	0
370	0
152	0
384	0
74	0
9	0
484	0
43	0
11	0
39	0
0	0
155	0
126	0
371	0
13	0
131	0
30	0
32	0
286	0
60	0
1041	0
49	0
59	0
27	0
0	0
103	0
0	0
115	0
105	0
1605	0
3080	0
226	0
0	0
79	0
4386	0
0	0
381	0
118	0
0	0
1542	0
221	0
56	0
961	0
0	0
0	0
37	0
1006	0
33	0
11	0
152	0
10	0
40	0
340	0
8	0
146	0
20	0
547	0
0	0
818	0
1085	0
92	0
12	0
0	0
616	0
0	0
282	0
1702	0
45	0
33	0
517	0
0	0
98	0
619	0
287	0
0	0
92	0
65	0
1810	0
288	0
0	0
118	0
5	0
232	0
130	0
468	0
157	1
409	0
0	0
136	0
14	0
326	0
103	0
181	0
15	0
0	0
8436	0
0	0
0	0
0	0
119	0
11	0
73	0
68	0
59	0
0	0
2	0
31	0
14	0
218	0
11	0
652	0
13	0
1356	0
11	0
0	0
5485	6
4	0
0	0
56	0
10	0
94	0
7373	0
52	0
15	0
14	0
1085	0
0	0
105	0
396	0
253	0
27	0
0	0
0	0
248	0
15	0
2	0
26	0
610	0
0	0
311	0
3	0
237	0
0	0
830	0
899	0
25	0
85	0
23	0
240	0
12	0
160	0
16	0
116	0
25	0
186	0
265	0
156	0
166	0
145	0
0	0
43	0
0	0
209	0
56	0
331	0
516	0
2449	0
6940	0
124	0
48	0
400	0
890	0
194	0
10874	0
964	0
1267	0
146	0
22	0
415	0
0	0
18	0
0	0
604	0
188	0
9314	0
1152	0
75	0
0	0
164	0
241	0
13924	7
230	0
8019	0
941	1
389	0
35	0
326	0
0	0
204	0
199	0
1	0
6	0
993	0
131	0
746	0
109	0
0	0
23	0
131	0
0	0
1041	0
94	0
1753	0
48	0
39	0
109	0
3681	4
0	0
364	3
0	0
0	0
398	0
32	0
0	0
0	0
570	0
0	0
8	0
7	0
0	0
74	0
447	0
1	0
70	0
170	0
0	0
0	0
41	0
279	0
62	0
13	0
34	0
223	0
815	0
76	0
0	0
154	0
104	0
198	0
541	0
1220	0
75	0
211	0
23	0
50	0
59	0
0	0
52	0
265	0
244	0
152	0
0	0
2	0
146	0
0	0
392	0
109	0
27	0
219	0
1193	0
0	0
460	0
3	0
59	0
23	0
268	0
18	0
599	0
0	0
0	0
25	0
0	0
49	0
623	0
157	0
27	0
131	0
0	0
552	0
14	0
5867	0
0	0
626	0
299	0
174	0
62	0
259	0
64	0
310	0
860	0
141	0
0	0
213	0
0	0
0	0
638	0
9	0
3997	0
0	0
0	0
10	0
0	0
149	0
7143	4
2	0
192	0
35	0
30	0
221	0
182	0
99	0
0	0
39	0
55	0
401	0
0	0
275	0
103	0
0	0
4500	0
314	0
218	0
74	0
0	0
0	0
1128	0
94	0
38	0
6	0
11	0
8	0
13	0
10	0
293	0
204	0
35	0
147	0
177	0
12	0
9	0
761	0
0	0
250	0
12817	1371
43	0
21	0
153	0
365	0
75	0
25	0
150	0
328	0
2194	0
14	0
1392	0
131	0
4	0
236	0
222	0
1496	0
388	0
19	0
32	0
6	0
284	0
123	0
0	0
0	0
163	0
0	0
19	0
432	0
320	0
0	0
0	0
60	0
265	0
35	0
0	0
28	0
290	0
0	0
4184	0
5654	0
0	0
840	0
110	0
596	0
45	0
2	0
0	0
55	0
533	0
339	0
0	0
0	0
59	0
194	0
685	0
88	0
9	0
31	0
240	0
116	0
560	0
484	0
375	0
64	0
0	0
18	0
207	0
0	0
7207	0
367	0
131	0
6	0
219	0
221	0
23	0
7	0
9	0
124	0
415	0
1270	0
0	0
289	0
570	0
17	0
28	0
354	0
136	0
189	0
14	0
8	0
97	0
37	0
12	0
153	0
0	0
240	0
97	0
564	0
79	0
0	0
30	0
65	0
660	0
0	0
57	0
5	0
0	0
0	0
305	0
4	0
0	0
350	0
98	0
288	0
621	0
35	0
3	0
169	0
61	0
59	0
120	0
185	0
383	0
867	0
939	0
171	0
46552	26
81	0
5	0
0	0
278	0
285	0
48	0
1843	0
927	0
101	0
0	0
136	0
312	0
2382	0
1	0
59	0
480	0
511	0
0	0
45	0
106	0
38	0
5	0
0	0
8	0
668	0
36	0
409	0
29	0
0	0
160	0
0	0
31	8
93	0
398	0
63809	3
6	0
115	0
4700	2
101	0
247	0
306	0
0	0
62	0
364	0
322	0
1296	0
0	0
46	0
1	0
141	0
453	0
0	0
32	0
32	0
73	0
860	0
417	0
57	0
43	0
0	0
1831	0
1570	0
369	0
23	0
3545	0
216	0
29	0
0	0
70	0
196	0
18	0
0	0
3	0
27	0
55	0
64	0
27	0
0	0
81	0
162	0
213	0
689	0
0	0
69	0
66	0
0	0
281	0
81	0
0	0
64	0
152	0
65	0
55	0
2346	0
325	0
38	0
6	0
0	0
639	0
146	0
49	0
161	0
489	0
3	0
0	0
16707	4
12	0
177	0
0	0
19	0
4	0
125	0
332	0
61	0
0	0
62	0
493	0
101	0
38	0
14	0
0	0
0	0
64	0
0	0
57	0
219	0
265	0
138	0
26	6
8	0
33	0
12	0
57	0
16	0
217	0
1291	0
24	0
85	0
45	0
256	0
132	0
89	0
277	0
1	0
315	0
15	0
258	0
43	0
0	0
64	0
104	0
29	0
429	0
0	0
44	0
630	0
52	0
250	0
51	0
6543	0
0	0
309	0
30	0
5	0
130	0
409	0
324	0
0	0
0	0
0	0
117	0
177	0
883	0
162	0
437	0
197	0
100	0
8800	0
78	0
416	0
82	0
98	0
0	0
684	0
184	0
11	0
45	0
152	0
10362	0
1309	0
1985	0
244	0
264	0
0	0
558	0
486	0
21	0
70	0
0	0
0	0
83	0
1333	0
0	0
92	0
126	0
732	0
466	0
857	0
790	0
0	0
1963	0
6	0
202	0
619	0
49	0
0	0
64	0
1127	0
98	0
5962	3
157	0
68	0
610	0
611	0
0	0
3	0
8	0
58	0
1088	0
0	0
71	0
721	0
133	0
41	0
263	0
13	0
20	0
0	0
3	0
1061	0
0	0
567	0
767	0
188	0
561	0
131	0
0	0
1065	0
1	0
251	0
32	0
801	0
60	0
182	0
40	0
21	0
169	0
682	0
199	0
115	0
0	0
7	0
8867	0
78	0
0	0
77	0
151	0
128	0
205	0
5	0
441	0
7	0
90	0
98	0
0	0
0	0
249	0
112	0
369	0
15	0
258	0
371	0
0	0
691	0
0	0
0	0
155	0
43	0
146	0
0	0
0	0
36	0
3382	0
101	0
182	0
0	0
150	0
99	0
26	0
0	0
2086	0
0	0
71	0
6	0
254	0
4	0
70	0
131	0
394	0
398	0
228	0
340	0
418	0
250	0
142	0
77	0
88	0
0	0
488	0
137	0
3	0
71	0
33	0
3327	0
248	0
32	0
0	0
149	0
195	0
101	0
83	0
0	0
0	0
0	0
8	0
6	0
8727	3
0	0
17	0
18	0
431	0
266	0
12	0
275	0
0	0
147	0
2477	0
46	0
0	0
62	0
70	0
295	0
744	0
373	0
136	0
0	0
224	0
534	0
878	0
91	0
4	0
216	0
0	0
13	0
81	0
576	0
177	0
268	0
54	0
0	0
5313	0
106	0
246	0
88	0
41	0
50	0
708	0
226	0
267	0
3579	0
0	0
26	0
0	0
127	0
13024	5
2475	0
476	0
105	0
592	0
70	0
42	0
0	0
32	0
137	0
15	0
0	0
54	0
11	0
1136	0
26	0
0	0
0	0
450	0
71	0
2	0
0	0
181	0
138	0
54	0
13	0
74	0
759	0
612	0
92	0
19	0
34	0
355	0
553	0
536	0
73	0
132	0
1090	0
1674	0
81	0
0	0
0	0
0	0
0	0
27	0
2929	0
693	0
5033	0
519	0
406	0
1289	0
157	0
0	0
7	0
12	0
210	0
27	0
43	0
0	0
188	0
0	0
5	0
0	0
376	0
26	0
307	0
221	0
149	0
7	0
499	0
15	0
0	0
0	0
8	0
36	0
286	0
0	0
5	0
0	0
3	0
792	0
29	0
28	0
103	0
0	0
1	0
82	304
136	0
0	0
430	0
227	0
117	0
8	0
159	0
73	0
180	0
113	0
121	0
48	0
179	0
0	0
59	0
2914	0
92	0
0	0
523	0
199	0
0	0
279	0
74	0
0	0
354	0
84	0
0	0
357	0
0	0
147	0
0	0
103	0
0	0
506	0
661	0
184	0
4440	0
35	0
0	0
778	0
708	0
0	0
0	0
4074	0
0	0
0	0
166	0
227	0
70	0
39	0
190	0
30	0
0	0
0	0
108	0
0	0
0	0
40	0
17	0
32	0
6	0
40	0
0	0
199	0
26	0
44	0
217	0
1459	0
43	0
8	0
195	0
624	0
73	0
0	0
206	0
42	0
530	0
39	0
29	0
290	0
53	0
786	0
260	0
231	0
2730	1
253	0
0	0
0	0
0	0
7	0
10	0
2	0
447	0
23	0
0	0
14	0
379	0
0	0
515	0
89	0
2221	0
0	0
156	0
0	0
28	0
0	0
54	0
172	0
0	0
110	0
0	0
419	0
232	0
2068	5
0	0
22	0
305	0
100	0
564	0
145	0
169	0
390	0
663	0
262	0
58	0
0	0
11	0
101	0
0	0
76	0
58	0
26	0
8	0
173	0
13409	0
6	0
1721	0
329	0
202	0
0	0
1598	0
69	0
428	0
1493	0
13	0
15	0
203	0
31	0
128	0
1067	0
6	0
341	0
580	0
158	0
12	0
62	0
278	0
206	0
28	0
115	0
0	0
0	0
86	0
55	0
995	0
0	304
176	0
54	0
10	0
133	0
981	0
0	0
161	0
16	0
165	0
33	0
16	0
41	0
0	0
5	0
159	0
35	0
25	0
1108	0
16	0
213	0
2314	0
380	0
70	0
112	0
233	0
15	0
14	0
0	0
2995	2
83	0
37	0
36	0
13	0
1111	0
7	0
112	0
18	0
485	0
0	0
875	0
90	0
47	0
0	0
231	0
0	0
225	0
211	0
0	0
2142	0
186	0
14	0
345	0
285	0
178	0
0	0
41	5
386	0
729	0
441	0
172	0
58	0
289	0
434	0
188	0
259	0
52	0
85	0
218	0
36	0
150	0
0	0
0	0
3380	0
0	0
199	0
0	0
1	0
0	0
0	0
205	0
0	0
505	0
15	0
300	0
113	0
983	0
66	0
87	0
107	0
0	0
272	0
375	0
26	0
0	0
294	0
69	0
203	0
11	0
45	0
461	0
0	0
63	0
15	0
72	0
7831	0
0	0
34	0
184	0
14	0
75	0
7	0
236	0
185	0
12	0
0	0
11	0
82	0
3261	0
0	0
237	0
0	0
0	0
120	0
72	0
453	0
0	0
3	0
356	0
61	0
373	0
89	0
145	0
49	0
186	0
0	0
12	0
63	0
92	0
4	0
254	0
44	0
65	0
581	0
646	0
117	0
104	0
12	0
179	0
35	0
2550	0
0	0
190	0
0	0
0	0
189	0
212	0
1222	0
61	0
347	0
39	0
48	0
112	0
466	0
93	0
53	0
60	0
50	0
1391	0
277	0
151	0
0	0
1744	0
0	0
44	0
710	0
149	0
66	0
111	0
298	0
1114	0
12	0
0	0
135	0
232	0
195	0
3231	0
120	0
181	0
40	0
0	0
0	0
250	0
0	0
871	0
174	0
109	0
654	0
571	0
55	0
0	0
112	0
39	0
220	0
273	0
138	0
168	0
103	0
129	0
1075	0
0	0
156	0
441	0
0	0
0	0
9829	0
907	0
95	0
0	0
23	0
23	0
88	0
148	0
13	0
39	0
76	0
39	0
2	0
1011	0
311	0
67	0
98	0
10	0
590	0
408	0
1299	0
24	0
73	0
233	0
12	0
28	0
157	0
982	0
713	0
1188	0
444	0
996	0
31	0
308	0
4100	0
0	0
0	0
7072	0
360	0
198	0
55	0
106	0
93	0
152	0
26	0
63	0
621	0
176	0
0	0
72	0
0	0
9	0
23	0
4	0
65	0
13	0
211	0
149	0
422	0
171	0
81	0
343	0
194	0
0	0
68	0
795	0
22	0
235	0
22	0
37	0
470	0
218	0
0	0
115	0
803	0
123	0
497	0
92	0
64	0
30	0
379	0
354	0
199	0
478	0
0	0
677	0
1769	0
331	0
230	0
168	0
194	0
618	0
910	0
90	0
27	0
0	0
66	0
387	0
0	0
188	0
2748	0
0	0
458	0
5992	0
43	0
169	0
782	0
5	0
797	0
37	0
734	0
292	0
2	0
33	0
0	0
31	0
77	0
776	0
126	0
883	0
0	0
15	0
1135	0
108	0
87	0
45	0
11	0
0	0
283	0
1941	0
185	0
98	0
108	0
4	0
0	0
1	0
46	0
30	0
0	0
28	0
25	0
466	0
0	0
241	0
18	0
526	0
215	0
1329	0
568	0
9	0
0	0
0	0
326	0
187	0
92	0
3498	0
3073	0
56	0
207	0
5	0
686	0
69	0
35	0
555	0
0	0
7	0
55	0
198	0
5	0
64	0
14	0
0	0
0	0
35	0
143	3
0	0
581	0
49	0
0	0
649	0
125	0
7084	0
353	0
79	0
4	0
0	0
97	0
354	0
61	0
528	0
213	0
241	0
1413	0
2	0
0	0
0	0
54	0
1300	0
134	0
786	0
195	0
33	0
153	0
99	0
12	0
735	0
73	0
755	0
359	0
7	0
150	0
481	0
41	0
18	0
125	0
77	0
41	0
1659	0
320	0
0	0
30	0
30	0
0	0
0	0
87	0
116	0
66	0
392	0
168	0
4587	0
435	0
0	0
79	0
0	0
53	0
0	0
0	0
0	0
5	0
43	0
277	0
21	0
413	0
970	4
0	0
55	0
602	0
46	0
590	0
778	0
33	0
7	0
10	0
677	0
15	0
249	0
227	0
23	0
3	0
0	0
0	0
0	0
90	0
47	0
187	0
0	0
16	0
261	0
32	0
264	0
198	0
9	0
94	0
50	0
7002	2
667	0
34	0
214	0
269	0
0	0
129	0
2850	0
19	0
0	0
0	0
166	0
0	0
777	0
0	0
20	0
392	0
6244	9
163	0
109	0
118	0
1487	0
7	0
0	0
472	0
111	0
30	0
0	0
461	0
25	0
0	0
398	0
0	0
4815	0
70	0
390	0
756	0
27	0
319	0
0	0
85	0
64	0
3327	0
37	0
141	0
0	0
28	0
0	0
28	0
280164	3
140	0
592	0
110	0
0	0
79	0
215	0
888	0
94	0
0	0
358	0
0	0
28	0
195	0
60	0
52	0
41	0
64	0
90	0
192	0
31	0
112	0
82	0
0	0
465	0
27	0
0	0
413	0
755	0
0	0
198	0
154	0
0	0
20	0
94	0
93	0
41	0
268	0
650	0
208	0
13	0
300	0
440	0
468	0
60	0
2768	3
47	0
59	0
155	0
603	0
640	0
0	0
77	0
113	0
124	0
29	0
242	0
371	0
4697	0
351	0
490	0
47	0
1487	0
6841	0
0	0
725	0
166	0
2	0
51	0
3244	0
1324	0
209	0
6	0
406	0
115	0
200	0
893	0
0	0
4153	0
3	0
3	0
446	0
0	0
43	0
50	0
117	0
4126	4
741	0
0	0
263	0
0	0
1032	0
0	0
0	0
126	0
2697	0
8	0
182	0
308	0
3678	0
1896	0
0	0
683	0
220	0
209	0
4	0
111	0
589	0
11	0
65	0
0	0
0	0
2309	0
450	0
101	0
0	0
210	0
46	0
46	0
0	0
45	0
0	0
37	0
112	0
169	0
355	0
2384	0
38	0
32	0
102	0
521	0
23	0
1277	0
65	0
608	0
101	0
30	0
1	0
3285	2
3100	0
23	0
576	0
653	0
0	0
1177	0
1056	0
187	0
96	0
0	0
3	0
55	0
106	0
80	0
1827	0
0	0
0	0
77	0
22	0
248	0
0	0
591	0
688	0
0	0
137	0
0	0
243	0
317	0
632	0
0	0
490	0
0	0
242	0
52	0
0	0
15506	0
87	0
187	0
2	0
150	0
516	0
0	0
134	0
5	0
1501	0
42	0
206	0
325	0
5446	0
200	0
29	0
0	0
323	0
77	0
123	0
6	0
307	0
55	0
0	0
211	0
140	0
200	0
366	0
38	0
78	0
0	0
66	0
0	0
161	0
2	0
332	0
0	0
52	0
99	0
98	0
37	0
238	0
160	0
0	0
1541	0
5664	0
497	0
77	0
1	0
99	0
150	0
1239	0
52	0
75	0
0	0
829	0
420	0
204	0
66	0
413	0
68	0
364	0
159	0
0	0
539	0
12	0
540	0
30	0
97	0
3327	0
366	0
0	0
73	0
80	0
128	0
197	0
4	0
3347	0
359	0
0	0
0	0
58	0
0	0
270	0
0	0
71	0
17166	4
49	0
26	0
10	0
28	0
0	0
0	0
1309	5
66	0
37	0
103	0
7	0
90	0
301	0
0	0
208	0
247	0
0	0
65	0
38	0
1090	0
246	0
177032	16
23	0
0	0
49	0
209	0
58	0
463	0
796	0
621	0
105	0
211	0
457	0
93	0
22	0
330	0
47	0
97	0
202	0
385	0
10	0
9	0
16	0
81	0
0	0
13	0
39	0
0	0
751	0
76	0
0	0
724	0
6	0
0	0
0	0
0	0
0	0
0	0
0	0
623	0
118	0
35	0
7316	0
540	0
126	0
502	0
663	0
389	0
0	0
0	0
0	0
3503	1
95	0
679	0
26	0
366	0
0	0
107	0
129	0
13	0
153	0
0	0
358	0
319	0
861	0
322	0
5068	0
58	0
135	0
88	0
145	0
3016	0
153	0
21	0
371	0
106	0
721	0
56	0
85	0
106	0
0	0
92	0
252	0
301	0
7	0
14	0
111	0
0	0
7	0
309	0
467	0
128	0
0	0
927	0
0	0
88	0
0	0
0	0
545	0
0	0
0	0
130	0
3236	0
111	0
67	0
64	0
118	0
220	0
362	0
0	0
0	0
0	0
166	0
230	0
254	0
135	0
36	0
43	0
186	0
470	0
0	0
93	0
0	0
244	0
117	0
49	0
4	0
175	0
2811	0
241	0
0	0
72	0
67	0
259	0
384	0
6	0
105	0
1142	0
119	0
128	0
89	0
921	0
0	0
0	0
113	0
5069	0
47	0
369	0
1069	0
0	0
94	0
0	0
0	0
304	0
262	0
0	0
0	0
151	0
22	0
20	0
0	0
435	0
47	0
1584	0
0	0
0	0
211	0
156	0
0	0
0	0
89	0
55	0
531	0
51	0
38	0
290	0
0	0
36	0
6824	1
107	0
170	0
0	0
109	0
68	0
249	0
52	0
171	0
41	0
306	0
64	10
26	0
11	0
10	0
4	0
274	0
1	0
26	0
80	0
476	0
129	0
0	0
0	0
32	0
230	0
51	0
81	0
0	0
73	0
0	0
105	0
2141	0
16	0
328	0
0	0
185	0
4	0
284	0
0	0
59	0
443	0
9	0
244	0
20674	21
31	0
0	0
477	13
338	0
0	0
282	0
9	0
35	0
94	0
89	0
147	0
0	0
3	0
0	0
0	0
2488	0
28	0
0	0
325	0
30	0
264	0
800	0
41	0
128	0
32	0
0	0
23	0
0	0
0	0
0	0
0	0
36	0
391	0
5	0
0	0
180	0
0	0
18	0
66	0
402	0
146	0
0	0
0	0
153	0
825	0
420	0
22	0
1534	0
367	0
54	0
146	0
90	0
0	0
185	0
13997	0
26	0
490	0
798	0
124	0
20	0
0	0
0	0
23	0
1330	0
43	0
4370	0
89	0
2608	0
189	0
1	0
382	0
140	0
267	0
38	0
8	0
11	0
229	0
236	0
114	0
0	0
151	0
0	0
144	0
780	0
303	0
351	0
0	0
752	4
32	0
57	0
0	0
254	0
0	0
165	0
631	0
292	0
8	0
3	0
6	0
0	0
10	0
99	0
8334	1
4742	0
7	0
145	0
200	0
50	0
349	0
96	0
0	0
38	0
0	0
74	0
98	0
6	0
875	0
169	0
80	0
4	0
30	0
114	0
779	0
89	0
834	0
71	0
78	0
7	0
0	0
456	0
54	0
176	0
985	0
11	0
0	0
0	0
487	0
5265	5
9	0
0	0
519	0
8759	7
0	0
1048	0
125	0
409	0
0	0
3414	0
13	0
154	0
61	0
51	0
3	0
0	0
32	0
43	0
19	0
306	0
61	0
658	0
551	0
150	0
9	0
0	0
295	0
34	0
297	0
24226	0
0	0
23	0
959	0
46	0
0	0
1406	0
132	4
384	0
169	0
0	0
38	0
61	0
148	0
134	0
128	0
73	0
0	0
0	0
411	0
104	0
29	0
866	0
3	0
6900	0
72	0
0	0
95	0
0	0
62	0
79	0
67	0
447	0
0	0
907	0
9	0
2377	4
31	0
196	0
1304	0
18	0
0	0
619	0
38	0
216	0
46	0
203	0
6	0
0	0
39	0
230	0
93	0
600	0
30	0
101	0
212	0
3	0
696	0
435	0
216	0
0	0
134	0
513	0
461	0
24	0
0	0
444	0
10	0
37	0
170	0
903	0
5	0
157	0
369	0
278	0
87	0
7	0
936	2
30	0
173	0
1165	0
44	0
53	0
175	0
136	0
8510	56568
0	0
13	0
0	0
589	0
13	0
6	0
156	0
21	0
120	0
6	0
326	0
30	0
1652	0
3552	0
87	0
0	0
33	0
383	0
0	0
0	0
239	0
237	0
117	0
0	0
6731	0
91	0
32	0
0	0
16	0
48	0
0	0
232	0
96	0
103	0
68	0
256	0
563	0
927	0
6013	0
39	0
0	0
0	0
19	0
0	0
0	0
6	0
241	0
92	0
125	0
123	0
343	0
109	0
43	0
0	0
127	0
20	0
1402	0
149	0
57	0
443	0
28	0
0	0
968	4
1	0
20	0
338	0
1832	0
1080	0
382	0
329	0
335	0
10	0
48	0
9521	0
16	0
331	0
605	0
0	0
611	0
526	0
999	0
32	0
564	0
75	0
1667	0
2621	0
172	0
0	0
505	3
431	0
4677	1
0	0
846	0
352	0
9	0
10	0
0	0
0	0
110	0
60	0
208	0
696	0
15	0
11	0
49	0
0	0
1	0
17	0
123	0
0	0
0	0
331	0
0	0
464	0
24	0
2776	0
0	0
15	0
64	0
519	0
71	0
300	0
93	0
3	0
231	0
203	0
6156	0
65	0
41653	9
359	0
33	0
352	0
0	0
9816	0
1	0
0	0
186	0
18	0
59	0
133	0
0	0
332	0
0	0
152	0
828	0
431	0
4	0
1337	0
1539	0
0	0
7	0
75	0
0	0
947	0
14	0
162	0
0	0
79	0
171	0
413	0
0	0
258	0
0	0
104	0
0	0
387	0
456	0
1019	0
252338	21
27	0
0	0
83	0
320	0
133	0
53	0
47	0
0	0
41	0
2141	0
141	0
0	0
104	0
136	0
0	0
891	0
16	0
0	0
0	0
23	0
0	0
0	0
0	0
0	0
0	0
0	0
32	0
723	0
247	0
0	0
0	0
14	0
1981	0
7	0
140	0
112	0
0	0
29	0
0	0
183	0
0	0
338	0
246	0
434	0
64	0
25	0
1	0
0	0
0	0
102	0
0	0
760	0
2	0
335	0
651	0
74	0
69	0
7184	0
0	0
839	0
5939	0
579	0
257	0
271	0
87	0
71	0
185	0
0	0
20	0
130	0
468	0
0	0
62	0
327	0
23	0
21	0
50	0
11	0
28	0
3	0
118	0
481	0
202	0
0	0
6133	0
0	0
312	0
0	0
139	0
98	0
297	0
2121	0
285	0
2365	0
85	0
0	0
53	0
1506	0
8	0
980	0
166	0
152	0
31	0
138	0
18	0
4910	0
253	0
333	0
217246	15
1442	0
45	0
0	0
7	0
156	0
5	0
475	0
0	0
1262	0
215	0
35	0
446	0
6	0
0	0
14	0
552	0
186	0
204	0
15	0
304454	24
3	0
55	0
357	0
99	0
1005	0
110	0
1419	0
6	0
2	0
20	0
179	0
280	0
160	0
281	0
7	0
0	0
1976	0
0	0
205	0
1121	2
37	0
244	0
72	0
301	0
32	0
588	0
9	0
0	0
26	0
80	0
152	0
142	0
60	0
0	0
54	0
17	0
40	0
0	0
422	0
248	0
11	0
92	0
0	0
17	0
0	0
5	0
0	0
0	0
81	0
475	0
730	0
11	0
27	0
0	0
201	0
0	0
63	0
1	0
0	0
0	0
11	0
0	0
0	0
95	0
336	0
208	0
0	0
0	0
272	0
10	0
252	0
897	0
0	0
20	0
31	0
162	0
334	0
18	0
0	0
16	0
41	0
0	0
127	0
32	0
256	0
150	0
0	0
52	0
17	0
549	0
9	0
19	0
95	0
0	0
15	0
0	0
346	0
0	0
12	0
0	0
230	0
11	0
202	0
5	0
128	0
248	0
54	0
215	0
0	0
2003	0
795	0
1	0
28	0
8	0
535	0
196	0
2458	0
8	0
655	0
0	0
0	0
186	0
1112	0
6	0
430	0
0	0
115	0
337	0
553	0
13	0
0	0
299	0
535	0
0	0
576	0
1747	0
20	0
26	0
130	0
79	0
13	0
1139	0
126	0
532	0
438	0
0	0
73	0
2000	0
6	0
215	0
263	0
0	0
77	0
0	0
30	0
17212	5
322	0
0	0
231	0
46	0
344	0
389	0
0	0
507	0
0	0
0	0
0	0
1487	0
0	0
40	0
0	0
53	0
230	0
1573	0
310	0
18	0
218	0
0	0
359	0
2	0
466	0
89	0
268	0
0	0
2062	0
193	0
1039	0
122	0
172	0
0	0
129	0
32	0
3468	0
50	0
12	0
75	0
47	0
117	0
1378	0
211	0
104	0
0	0
0	0
101	0
437	0
20	0
829	0
511	0
397	0
105	3
13	0
249	0
0	0
1435	0
592	0
1400	0
77	0
65	0
126	0
271	0
0	0
0	0
5512	0
62	0
153	0
7	0
38	0
270	0
466	0
3	0
0	0
7	0
56	0
0	0
371	0
264	0
91	0
347	0
16	0
7	0
24	0
108	0
676	0
332	0
8	0
152	0
57	0
804	0
0	0
59	0
0	0
509	0
8	0
252	0
1458	0
0	0
58	0
1758	0
298	0
22	0
0	0
1639	0
25	0
59	0
82	0
0	0
82	0
0	0
8343	0
0	0
5	0
24	0
0	0
11	0
2765	4
54	101
68	0
12	0
27	0
98	0
85	0
334	0
11	0
256	0
474	6
0	0
269	0
258	0
225	0
14	0
52	0
191	0
14	0
2413	0
84	0
133	0
5	0
7	0
607	0
0	0
158	0
75	0
615	0
149	0
35	0
359	0
6523	0
677	0
48	0
0	0
98	0
0	0
24	0
58	0
0	0
100	0
3	0
0	0
5	0
40060	7
10	0
0	0
1129	0
113	0
146	0
3647	0
2122	1
0	0
209	0
5	0
217	0
1728	0
0	0
184	0
0	0
536	0
9	0
3238	0
94	0
7005	0
0	0
0	0
130	0
285	0
16	0
1413	0
1956	0
428	0
31	0
257	0
7	0
0	0
160	0
38	0
0	0
323	0
88	0
481	0
84	0
3609	0
0	0
149	0
10	0
252	0
0	0
69	0
0	0
100	0
78	0
0	0
0	0
0	0
487	0
11	0
19	0
2722	0
193	0
86	0
50	0
195	0
180	0
183	0
30	0
29	0
1152	0
953	0
107	3
15	0
0	0
192	0
281	0
16	0
206	0
63	0
7778	0
47	0
191	0
80	0
0	0
109	0
0	0
188	0
61	0
6	0
0	0
1993	0
144	0
32	0
59	0
216	0
6	0
0	0
99	0
198	0
11	0
1188	0
47	0
304	0
15	0
346	0
34	0
93	0
912	0
265	0
0	0
227	0
415	0
0	0
76	0
100	0
3	0
947	0
859	0
6	0
0	0
643	0
182	0
421	0
0	0
308	0
6	4
106	0
126	0
0	0
175	0
102	0
18	0
5132	2
2531	6
43	0
97	0
72	0
149	0
117	0
34	0
89	0
93	0
5	0
33	0
4342	0
1705	0
65	0
127	0
145	0
913	0
4267	0
621	0
509	0
123	0
194	0
0	0
115	0
38	0
4	0
88	0
687	0
4	0
356	0
118	0
25	0
127	0
0	0
2028	0
13	0
188	0
52	0
174	0
0	0
4125	0
292	0
102	0
4	0
1	0
814	0
0	0
7	0
5872	0
16	0
651	0
1230	0
175	0
55	0
165	0
478	3
328	0
810	0
0	0
238	0
87	0
0	0
0	0
46	0
286	0
110	0
0	0
39	0
1268	0
114	0
322	0
105	0
230	0
20	0
126	0
225	0
0	0
14	0
1551	0
1380	0
1053	0
5032	0
77	0
212	0
68	0
143	0
78	0
6	0
210	0
44	0
77	0
79	0
3	0
0	0
58	0
5	0
180	0
24	0
15	0
14	0
0	0
165	0
0	0
93	0
0	0
134	0
20	0
77	0
55	0
0	0
491	0
0	0
217	0
213	0
434	0
0	0
174	0
0	0
50	0
28	0
728	0
62	0
124	0
803	0
12	0
263	0
349	0
435	0
35	0
77	0
33	0
36	0
57	0
3289	0
223	0
9	0
17	0
37	0
84	0
4	0
340	0
444	0
0	0
0	0
580	3
18	0
1132	0
209	0
0	0
2	0
12	0
346	0
231	0
0	0
130	0
32	0
26	0
188	0
0	0
101	0
556	0
0	0
49	0
0	0
510	7
0	0
41	0
883	0
0	0
0	0
44	0
102	0
240	0
369	0
0	0
300	0
71	0
80	0
410	0
472	0
0	0
8	0
62	0
12	0
320	1
1638	0
46	0
0	0
1	0
75	0
0	0
89	0
0	0
295	0
108	0
160	0
0	0
199	0
49	0
176	0
8	0
0	0
0	0
49	0
9	0
0	0
101	0
97	0
29	0
80	0
26	0
6	0
117	0
325	0
48	0
8	0
0	0
3907	0
475	0
437	0
132	0
7	0
25	0
1533	0
247	0
8	0
83	0
3236	0
189	0
42	0
81	0
306	0
173	0
9	0
475	0
144	0
934	0
0	0
336	0
57	0
0	0
154	0
625	0
0	0
69	0
1248	0
221	0
52	0
201	0
0	0
192	0
6	0
131	0
0	0
36	0
0	0
35	0
774	0
0	0
0	0
513	0
0	0
116	0
4	0
146	0
492	0
0	0
82	0
26	0
128699	8
3352	0
6477	0
26	0
229	0
102	0
18	0
29	0
20	0
20	0
6	0
0	0
40	0
262	0
122	0
58	0
0	0
129	0
178	0
896	0
1095	0
190	0
20	0
1	0
29	0
647	0
12	0
162	0
134	0
159	0
106	0
461	0
1152	0
135	0
27	0
249	0
81132	0
15	0
235	0
0	0
16665	0
4497	4
5	0
5	0
395	0
0	0
47	0
472	0
151	0
51	0
0	0
1686	0
74	0
17	0
597	0
826	0
0	0
161	0
0	13
156	0
202	0
473	0
205	0
2	0
0	0
21	0
8	0
36	0
246	0
150	0
0	0
9	0
213	0
55	0
99	0
232	0
7406	1694
3073	0
133	0
0	0
82	0
1237	0
3749	0
0	0
56	0
1811	0
2468	0
709	0
63	0
623	0
8	0
343	0
45	0
197	0
292	0
217	0
0	0
200	0
155	0
99	0
263	0
105	0
161	0
237	0
0	0
0	0
1757	0
4	0
342	0
0	0
2963	0
79	0
24	0
161	0
159	0
7	0
403	0
51	0
221	0
1025	0
5	0
732	0
120	0
5	0
0	0
0	0
334	0
375	0
483	0
133	0
4	0
133	0
205	0
176	0
0	0
352	0
43	0
332	0
100	0
4	0
144	0
97	0
16	0
110	0
48	0
0	0
255	0
73	0
94	0
43	0
11	0
98	0
0	0
0	0
4915	0
68	0
835	0
39	0
57	0
30	0
43	0
250	0
14	0
0	0
529	0
42	0
9	0
417	0
0	0
19	0
17	0
210	0
1775	0
373	0
9901	0
432	0
226	0
78	0
0	0
368	0
386	0
520	0
65	0
63	0
176	0
123	0
253	0
152	0
0	0
0	0
1277	0
0	0
362	0
0	0
308	0
7	0
92	0
15	0
85856	8
25	0
54	0
97	0
0	0
493	0
40	0
134	0
0	0
385	0
127	0
24	0
0	0
13	0
602	0
0	0
315	0
400	0
14355	0
39	0
98	0
100	0
453	0
0	0
284	0
32	0
250	0
70	0
0	0
272	0
112	0
4	0
274	0
12	0
163	0
11	0
3	0
1163	0
112	0
228	0
64	0
219077	17
126	0
0	0
55	0
0	0
1138	0
244	0
291	0
10	0
674	0
331	0
43	0
14	0
102	0
6	0
7	0
1894	0
1052	0
154	0
0	0
370	0
0	0
37	0
272	0
0	0
0	0
175	0
82	0
81	0
477	0
32	0
62	0
4481	0
0	0
64	0
74	0
0	0
513	0
698	0
44	0
0	0
41	1
83	0
0	0
1	0
10	0
377	0
25	0
145	0
0	0
28	0
13	0
0	0
0	0
0	0
0	0
235	0
1482	0
476	0
114	0
116	0
1000	0
1216	0
500	0
369	0
66	0
0	0
2069	0
18	0
69	0
109	0
6	0
0	0
3	0
0	0
145	0
35	0
15	0
91	0
47	0
598	0
417	0
178	0
11	0
64	0
5	0
183	0
11	0
1	0
2270	0
30	0
20	0
379	0
8	0
29	0
0	0
0	0
40	0
0	0
0	0
11	0
229	0
626	0
204	0
93	0
152	0
94	0
78	0
0	0
12	0
398	0
68	0
1459	0
134	0
0	0
2	0
0	0
0	0
0	0
9	0
57	0
189	0
92	0
72	0
86	0
91	0
311	0
6	0
0	0
624	0
3397	3
0	0
2455	0
326	0
120	0
0	0
0	0
5631	0
522	0
0	0
124	0
1465	0
142	0
228	0
97	0
589	0
0	0
217	0
16	0
36	0
0	0
119	0
40	0
46	0
14	0
0	0
626	0
390	0
1197	0
15	0
0	0
522	0
15	0
1	0
3406	0
0	0
170	0
6059	0
0	0
53	0
492	0
38	0
2320	0
84	0
60	0
11	0
461	0
95	0
6	0
59	0
77	0
5	0
13230	0
680	0
0	0
6	0
6	0
366	0
327	0
58	0
21	0
5	0
199	0
7	0
199	0
128	0
68	0
1600	0
184	0
153	0
0	0
101	0
401	0
57	0
251	0
130	0
317	0
0	0
1257	0
0	0
2672	0
128	0
374	0
0	0
30	0
0	0
0	0
18	0
131	0
657	0
34	0
366	0
205	0
427	0
429	0
371	0
185	0
254	0
113	0
18	0
2765	0
767	0
39	0
174	0
0	0
0	0
0	0
150	0
266	0
16	0
113	0
0	0
48	0
2	0
80	0
20	0
0	0
3	0
0	0
21	0
0	0
0	0
0	0
1993	0
124	0
222	0
37	0
0	0
322	0
1960	0
13	0
105	0
0	0
0	0
0	0
50	0
36	0
8	0
4	0
196	0
67	0
79	0
297	0
13	0
0	0
17	0
113	0
23	0
4780	0
28	0
14004	0
707	0
782	0
40	0
540	0
40	0
585	0
101	0
1402	0
92	0
0	0
0	0
3288	0
80	0
0	0
5	0
0	0
19	0
5	0
3	0
1374	0
14	0
69	0
71	0
31	0
0	0
352	0
184	0
102	0
0	0
1344	0
0	0
0	0
0	0
72	0
0	0
2938	0
2232	0
10453	0
231	0
598	0
19	0
0	0
1	0
7128	0
1046	0
0	0
98	0
21	0
2734	2
275	0
412	0
56	0
163	0
106	0
0	0
68	0
16	0
10	0
2	0
12732	0
49	0
3	0
136	0
4	0
698	0
1098	0
34	0
36	0
269	0
10	0
11	0
51	0
169	0
3533	0
0	0
128	0
161	0
17	0
31	0
0	0
256	0
131	0
79	0
718	0
474	0
134	0
0	0
107	0
181	0
175	0
52	0
1509	0
19	0
1134	0
84	0
0	0
4280	0
351	0
250	0
680	0
24	0
9	0
7	0
176	0
30	0
0	0
1381	0
166	0
129	0
0	0
318	0
52	0
85	0
233	0
508	0
802	0
0	0
58	0
809	0
1964	3
1689	0
70	0
0	0
63	0
3	0
582	0
301	0
748	0
527	0
321	0
292	0
328	0
17	0
368	0
433	0
0	0
635	0
151	0
49	0
110	0
86	0
72	0
0	0
155	0
1442	0
45	0
981	0
0	0
8051	0
0	0
4	0
658	0
19	0
116	0
11	0
511	0
30	0
794	0
44	0
58	0
84	0
6	0
0	0
336	0
122	0
0	0
535	0
0	0
63	0
37	0
361	0
123	0
54	0
213	0
23	0
204	0
120	0
2098	0
2285	0
83	0
38	0
129	0
65	0
5126	0
0	0
25	0
229	0
11	0
61	0
20	0
1204	0
136	0
8	0
255	0
12	0
554	4
18	0
180	0
28	0
9	0
659	0
156	0
9	0
1	0
38	0
148	0
86	0
525	0
597	0
120	0
1750	0
74	0
3	0
0	0
694	0
1160	0
160	0
472	0
0	0
546	0
38	0
9	0
0	0
1164	0
0	0
280	0
761	0
55	0
552	0
819	0
701	0
8	0
0	0
0	0
1165	0
0	0
8	0
210	0
235	0
0	0
46	0
525	0
92	0
46	0
33	0
6	0
34	0
0	0
162	0
10	0
605	0
38	0
1536	0
5550	0
284	0
406	0
651	0
46	0
40	0
264	0
15	0
19	0
13304	0
0	0
0	0
206	0
1996	0
82	0
0	0
571	0
141	0
22	0
166	0
54	0
0	0
63	0
47	0
90	0
122	0
74	0
1633	0
4	0
4	0
21	0
154	0
1539	4
178	0
492	0
498	0
332	0
419020	20
7	0
549	0
271	0
88	0
141	0
323	0
496	0
970	0
249	0
42	0
85	0
176	0
272	0
36	0
0	0
24	0
238	0
5	0
2931	0
186	0
0	0
0	0
26	0
0	0
40	0
0	0
3456	0
5	0
0	0
0	0
56	0
99	0
163	0
209	0
239	0
367	0
823	0
89	0
425	0
130	0
0	0
772	0
12	0
29	0
1124	0
116	0
666	0
0	0
207	0
2	0
14	0
33	0
1222	0
243	0
0	0
244	0
45	0
0	0
135	0
0	0
13	0
40	0
3	0
0	0
6090	3
11	0
242	0
8	0
92	0
27	0
0	0
2	0
0	0
133	0
3925	6
272	0
49	0
27	0
0	0
742	0
374	0
42	0
221	0
0	0
0	0
163	0
4	0
0	0
8	0
81	0
107	0
40	0
61	0
360	0
0	0
0	0
31	0
0	0
0	0
5	0
28	0
0	0
334	0
117	0
0	0
1526	0
230	0
512	0
65	0
0	0
0	0
835	0
4022	0
0	0
79	0
164	0
449	0
36	0
67	0
99	0
0	0
13	0
116	0
187	0
133	0
53750	8
164	0
139	0
499	0
97	0
616	0
181	0
0	0
0	0
90	0
985	0
16	0
32	0
6372	2
9	0
247	0
95	0
123	0
20	0
59	0
0	0
768	0
0	0
64	0
380	0
523	0
5	0
838	0
52	0
654	0
158	0
1244	0
0	0
0	0
4739	0
23	0
0	0
0	0
628	0
0	0
444	0
65	0
897	0
13	0
732	0
870	0
47	0
109	0
1126	0
1143	4
136	0
855	0
551	0
0	0
77	0
91	0
0	0
145	0
205	0
2698	0
0	0
0	0
195	0
55	0
98	0
1	0
1142	0
30	0
99	0
0	0
253	0
55	0
0	0
51	0
942	0
0	0
628	0
70	0
0	0
102	0
289	0
89	0
1604	0
0	0
257	0
56	0
0	0
12	0
133	0
330	0
222	0
186	0
779	0
408	0
582	0
23	0
8	0
0	0
0	0
5431	0
819	0
0	0
0	0
22	0
759	0
83	0
8	0
0	0
40	0
90	0
11	0
0	0
436	0
3705	0
65	0
0	0
220	0
396	0
40878	4
262	0
294	0
10	0
38	0
65	0
194	0
145	0
55	0
24	0
158	0
7	0
0	0
58	0
473	0
181	0
127	0
20	0
114	0
671	0
4	0
37	0
0	0
0	0
0	0
30	0
175	0
3	0
43	0
0	0
1782	0
881	0
0	0
68	0
0	0
0	0
0	0
0	0
80	0
5	0
299	0
12264	0
330	0
0	0
103	0
26	0
0	0
0	0
0	0
558	0
760	0
98	0
0	0
6	0
45	0
18	0
695	0
0	0
63	0
545	0
714	0
9	0
0	0
292	0
0	0
33	0
249	0
239	0
248	0
0	0
461	0
263	0
181	0
55	0
0	0
1014	0
467	0
869	0
12	0
53	0
972	0
0	0
772	0
232	0
0	0
25	0
22469	3
111	0
0	0
159	0
1115	0
152	0
513	0
774	0
131	0
51	0
0	0
41	0
791	0
0	0
236	0
23	0
0	0
546	0
8	0
27	0
116	0
74	0
76	0
48	0
293	0
799	0
57	0
428	0
37	0
0	0
18	0
944	0
576	0
0	0
0	0
1734	0
162	0
4	0
146	0
732	0
156	0
48	0
220	0
109	0
484	0
0	0
14	0
129	0
45	0
562	0
82	0
84	0
4	0
8823	0
2	0
0	0
266	0
62	0
268	0
22	0
37	0
59	0
10	0
155	0
0	0
3	0
120	0
932	0
5231	3
0	0
100	0
131	0
4308	0
404	0
32	0
251	0
12	0
84	0
31	0
541	0
41	0
290	0
266	0
7	0
0	0
0	0
0	0
100	0
48	0
101	0
0	0
0	0
2416	0
0	0
0	0
13	0
48	0
510	0
0	0
19	0
9487	3
1	0
1617	0
0	0
0	0
303	0
9	0
168	0
0	0
29	0
411	0
984	0
750	0
0	0
0	0
0	0
72	0
546	0
2	0
13	0
22	0
181	0
804	0
11	0
0	0
122	0
285	0
13	0
5596	0
23	0
0	0
33	0
288	0
848	0
165	0
0	0
590	0
0	0
60	0
1	0
53	0
242	0
0	0
37	0
44	0
302	0
0	0
312	0
29	0
22	0
31	0
142	0
213	0
0	0
498	0
155	0
4	0
0	0
58	0
647	0
742	0
346	0
51	0
18	0
145	0
177	0
262	0
208	0
9193	0
503	0
0	0
13	0
0	0
11	0
4224	0
96	0
0	0
104	0
494	0
119	0
94	0
431	0
827	0
369	0
3736	0
0	0
704	0
0	0
1	0
367	0
1692	0
26	0
15	0
0	0
17	0
0	0
64	0
0	0
10	0
70	0
8	0
0	0
0	0
0	0
288	0
0	0
99	0
13	0
8	0
7559	7
355	0
15	0
0	0
0	0
33	0
270	0
0	0
39	0
1	0
398	0
35	0
229	0
68	0
5	0
436	0
0	0
957	0
10	0
119	0
184	0
275	0
31	0
44	0
8	0
766	0
33	0
0	0
1063	0
11	0
100	0
1742	0
0	0
199	0
27	0
0	0
426	0
354	0
161	0
139	0
599	0
0	0
0	0
0	0
0	0
9	0
194	0
1104	0
140	0
86	0
15380	0
758	0
77	0
23	0
0	0
26	0
0	0
2	0
0	0
20	0
1	0
16	0
0	0
7	0
1031	0
0	0
6	0
46	0
11	0
195	0
205	0
24	0
59	0
43	0
47	0
0	0
1763	0
143	0
34	0
375	0
71	0
254	0
0	0
9	0
36	0
356	0
10237	3
274	0
49	0
888	0
310	0
117	0
1249	3
110	0
22	0
449	0
29	0
678	0
1257	0
77	0
0	0
26	0
599	0
293	0
168	0
248	0
18	0
457	0
187	0
59	0
42	0
7666	0
133	0
0	0
269	0
0	0
219	0
85	0
105	0
17	0
94	0
636	0
1070	0
0	0
19	0
0	0
1018	0
707	0
0	0
169	0
15	0
65	0
43	0
80	0
0	0
179	0
482	0
60	0
1046	0
0	0
530	0
0	0
307	0
2	0
25	0
71	0
1687	0
0	0
298	0
151	0
0	0
82	0
56	0
7	0
260	0
0	0
208	0
5514	3
37	0
18	0
198	0
82	0
106	0
19	0
19	0
22	0
40	0
71	0
0	0
24	0
477	0
4	0
1528	0
278	0
0	0
45	0
441	0
50	0
248	0
0	0
112	0
0	0
10	0
242	0
322	0
51	0
1086	0
89	0
1082	0
50	0
0	0
126	0
688	0
1	0
47	0
202	0
160	0
233	0
81	0
272	0
121	0
7	0
0	0
0	0
101	0
32	0
194	0
176	0
292	0
632	0
0	0
0	0
0	0
32	0
65	0
44	0
229	0
34	0
6	0
0	0
144	0
50	0
37	0
0	0
0	0
28	0
214	0
486	0
108	0
0	0
143	0
222	0
91	0
32	0
0	0
0	0
6	0
15	0
17	0
29	0
257	0
66	0
192	0
129	0
71	0
186	0
353	0
0	0
345	0
174	0
2144	0
0	0
1338	0
27	0
0	0
43	0
48	0
348	0
8002	0
6	0
114	0
18	0
701	0
0	0
14	0
0	0
0	0
111	0
63	0
10	0
123	0
630	0
0	0
477	0
27	0
267	0
6	0
1051	0
7	0
10	0
27	0
1280	0
4	0
178	0
28	0
2	0
59	0
0	0
410	0
1460	0
74	0
119815	24
0	0
230	0
51	0
240	0
0	0
106	0
475	0
20	0
77	0
71	0
2206	0
53	0
142	0
26	0
1720	0
18713	2
0	0
231	0
144	0
0	0
26	0
69	0
28	0
3	0
55	0
194	0
11288	0
8	0
106	0
1204	0
54	0
54	0
14	0
0	0
3340	0
75	0
21	0
103	0
44	0
54	0
0	0
895	0
189	0
208	0
17	0
74	0
5	0
0	0
103	0
4	0
263	0
379	0
0	0
29	0
31	0
3502	0
50	0
73	0
4	0
176	0
57	0
140	0
5	0
4	0
0	0
1519	0
13	0
122	0
4	0
2	0
366	0
16	0
48	0
0	0
261	0
84930	15
125	0
0	0
20	0
59	0
675	26
169	0
31	0
59	0
1190	0
115	0
160	0
76	0
320	0
9	0
404	0
402	0
0	0
195	0
152	0
109	0
37	0
5562	0
459	0
664	0
64	0
14	0
4785	0
861	0
40	0
97	0
46	0
122	0
0	0
1	0
3	0
9	0
23	0
345	0
115	0
0	0
0	0
183	0
6	0
211	0
133	0
254	0
527	0
16	0
2335	0
0	0
511	0
24	0
0	0
6	0
57	0
5319	0
8798	3
312	0
226	0
74	0
24	0
16	0
0	0
285	0
97	0
730	0
0	0
378	0
0	0
2252	1
367	0
107	0
60	0
0	0
1372	0
726	0
13	0
961	0
201	0
0	0
1373	0
0	0
45	0
0	0
558	0
11	0
422	0
28541	0
195	0
601	0
60	0
91	0
158	0
257	0
88	0
256	0
81	0
368	0
1330	0
298	0
139	0
564	0
873	0
66	0
1727	0
163	0
7	0
426	0
9	0
198	0
135	0
160	0
23	0
4309	0
76	0
26	0
27	0
0	0
2	0
112	0
254	0
13	0
15	0
26	0
9	0
130	0
1	0
0	0
60	0
2836	3
12	0
28	0
0	0
0	0
0	0
15	0
3	0
86	0
0	0
0	0
388	0
303	0
107	0
80	0
8	0
84	0
2668	0
265	0
6301	1
112	0
4	0
289	0
460	0
12	0
72	0
557	0
5	0
31	0
15	0
40	0
1105	0
36	0
906	0
0	0
51	0
4	0
249	0
0	0
0	0
11	0
109	0
80	0
20	0
8	0
2048	0
3190	0
1091	0
4473	0
11	0
21	0
6197	0
4	0
0	0
61	0
117	0
952	0
0	0
552	0
0	0
83	0
44	0
13	0
93	0
61	0
26	0
660	0
974	0
214	0
2	0
161	0
5	0
80	0
1081	0
1128	0
264	0
1	0
10	0
1	0
503	0
478	0
71	0
107	0
38	0
0	0
194	0
93	0
13	0
2324	0
177	0
132	0
0	0
367	0
4	0
0	0
0	0
20	0
29	0
889	0
166	0
98	0
24	0
247	0
4	0
464	0
3	0
2849	0
0	0
183	0
258	0
362	0
93	0
82	0
0	0
4	0
0	0
0	0
69	0
523	0
60	0
20	0
12	0
425	0
132	0
18	0
5	0
382	0
22	0
44	0
254	0
513	0
252	0
63	0
36	0
45	0
63	0
351	0
3702	0
147	0
1327	0
6	0
0	0
1547	0
396	0
141	0
151	0
1	0
16	0
0	0
10	0
9	0
0	0
0	0
702	0
364	0
0	0
22	0
123	0
110	0
92	0
983	0
2152	0
102	0
0	0
163	0
519	0
0	0
50	0
28	0
0	0
41	0
0	0
557	0
1333	0
10	0
10	0
0	0
817	0
113	0
0	0
222	0
1276	0
30	0
180	0
383	0
0	0
1955	0
103	0
55	0
8	0
113	0
54	0
0	0
203	0
140	0
113	0
308	0
1627	0
0	0
0	0
117	0
0	0
550	0
155	0
170	0
163	0
22	0
424	0
104	0
59	0
40	0
227	0
0	0
8	0
1045	0
12	0
0	0
162	0
31	0
29	0
142	0
161	0
508	0
0	0
0	0
64	0
0	0
134	0
670	0
0	0
625	0
0	0
176	0
208	0
0	0
237	0
123	0
3015	1
257	0
5675	0
3804	0
276	0
0	0
0	0
77	0
20	0
158	0
11	0
6	0
0	0
193	0
0	0
0	0
757	0
242	0
76	0
22	0
67	0
29	0
7622	2
97	0
341	0
6	0
0	0
25	0
617	0
962	0
22	0
0	0
73	0
0	0
138	0
0	0
0	0
106	0
196	0
53	0
340	0
414	0
256	0
514	0
322	0
4247	0
243	0
1320	0
75	0
0	0
80	0
4103	0
44	0
0	0
263	0
142	0
151	0
384	0
396	0
0	0
56	0
181	0
358	0
55	0
42	0
74	0
681	0
3888	0
0	0
0	0
6973	0
50	0
186	0
177	0
1354	0
0	0
38	0
17	0
4	0
299	0
688	0
0	0
77	0
7495	0
4	0
127	0
29	0
644	4
4	0
60	0
7	0
100	0
684	0
0	0
34	0
934	0
352	0
168	0
0	0
0	0
16	0
0	0
17	0
27	0
1112	0
137	0
6	0
308	0
0	0
223	0
189	0
126	0
16	0
581	0
28	0
1425	0
16	0
30	0
1505	0
94	0
450	0
287	0
2289	0
112	0
660	0
15	0
93	0
141	0
190	0
179	0
184	0
1128	0
0	0
81	0
163	0
4	0
15	0
2344	0
0	0
1070	0
251	0
51	0
0	0
7	0
76	0
240	0
118	0
7	0
172	0
200	0
6	0
39	0
40	0
76	0
88	0
124	0
31	0
27	0
36	0
179	0
135	0
797	0
27	0
433	0
0	0
515	2
215	0
44	0
1	0
10	0
0	0
37	0
35	0
15	0
0	0
7222	0
591	0
298	0
94	0
388	0
2	0
197	0
47	0
131	0
0	0
0	0
5	0
186	0
209	0
0	0
357	0
3608	0
1386	5
621	0
43	0
42322	6
219	0
0	0
2	0
77	0
0	0
0	0
202	0
116	0
149	0
52	0
1433	3
0	0
54	0
251	0
0	0
2460	0
50	0
0	0
150	0
0	0
285	0
0	0
0	0
979	0
268	0
59	0
241	0
202	0
26296	0
459	0
0	0
297	0
112	0
22	0
0	0
0	0
179	0
0	0
50	0
162	0
189	0
178	0
325	0
188	0
35	0
136	0
24	0
3	0
205	0
574	0
345	0
75	0
25	0
0	0
2174	0
0	0
412	0
621	0
123	0
70	0
53	0
186	0
136	0
16	0
12	0
212	0
1152	0
0	0
345	0
0	0
61	0
417	0
299	0
888	0
9	0
72	0
333	0
241	0
668	0
284	0
0	0
12	0
108	0
1054	0
62	0
33	0
0	0
66	0
309	0
144	0
0	0
0	0
87	0
11	0
0	0
3706	0
106	0
0	0
22	0
3	0
5809	0
107	0
0	0
33	0
170	0
1618	0
4	0
0	0
0	0
653	0
0	0
445	0
913	0
385	0
335	0
0	0
0	0
0	0
412	0
115	0
326	0
349	0
0	0
12	0
327	0
256	0
0	0
1023	0
0	0
5961	1
59	0
73	0
718	0
2	0
66	0
0	0
0	0
236	0
21	0
99	0
613	0
0	0
53	0
314	0
96	0
24	0
42	0
1726	0
27	0
0	0
85	0
17	0
5	0
0	0
117	0
229	0
148	0
5	0
9521	0
892	0
251	0
0	0
281	0
398	0
26	0
3264	0
482	0
1	0
1240	0
0	0
1117	0
0	0
177	0
2	0
1542	0
19	0
6306	0
9	0
6	0
0	0
512	0
113	0
117	0
0	0
730	0
101	0
312	0
32	0
57	0
151	0
291	0
295	0
114	0
0	0
29	0
17	0
26	0
334	0
0	0
0	0
120	0
0	0
473	0
75	0
86	0
11982	0
231	0
0	0
0	0
1672	5
4	0
53	0
1248	0
0	0
18	0
90	0
434	0
13	0
178	0
996	0
262	0
113	0
227	0
163	0
43	0
100	0
933	0
665	0
0	1
521	0
4	0
21	0
13	0
0	0
112	0
0	0
114	0
0	0
42	0
0	0
0	0
0	0
222	0
378	0
26	0
0	0
2736	0
69	0
283	0
321	0
157	0
0	0
0	0
0	0
0	0
91	0
0	0
931	0
11	0
476	0
449	0
85	0
249	0
31	0
97	0
0	0
137	0
0	0
0	0
9	0
569	0
2403	0
0	0
8	0
3645	0
67	0
67	0
75	0
0	0
103	0
390	0
0	0
1517	0
137	0
18	0
864	0
151	0
0	0
87	0
132	0
0	0
861	0
60	0
27	0
16	0
104	0
5	0
129	0
264	0
70	0
0	0
125	0
318	0
211	0
145	0
577	0
966	0
1832	0
57	0
0	0
263	0
0	0
7	0
0	0
265	0
154	0
6	0
1079	0
78	0
3424	0
121	0
5	0
104	0
19	0
32	0
14	0
0	0
65	0
832	0
463	0
2	0
10	0
48	0
0	0
0	0
269	0
546	0
310	0
24	0
5555	0
8695	0
0	0
303	0
1371	0
36	0
393	0
623	0
1127	0
21	0
0	0
0	0
65	0
9	0
85	0
24	0
140	0
589	0
54	0
3	0
1	0
750	0
24	0
29	0
61	0
3030	0
9	0
211	0
680	0
79	0
1279	0
1	0
0	0
458	0
0	0
552	0
190	0
48	0
104	0
199	0
238	0
79	0
959	0
68	0
10	0
8	0
654	0
0	0
157	0
275	0
40	0
4	0
829	0
85	0
167	0
601	0
28	0
5	0
1226	0
1907	0
139	0
0	0
178	0
417	0
104	0
54	0
70	0
315	0
82	0
46	0
310	0
228	0
115	0
597	0
166	0
130	0
233	0
158	0
242	0
0	0
622	0
22	0
0	0
87	0
88	0
59	0
123	0
20	0
799	0
8	0
9	0
60	0
897	0
366	0
106	0
10	0
524	0
1	0
0	0
0	0
622	0
499	0
128	0
23	0
11	0
319	0
455	0
72	0
199	0
288	0
0	0
0	0
41	0
0	0
120	0
0	0
224	0
2096	0
349	0
578	0
981	0
23	0
4	0
331	0
320	0
149	0
1927	0
0	0
15	0
343	0
55	0
161	0
316	0
7915	3102
150	0
134	0
29	0
290	0
0	0
37	0
25	0
28	0
1038	0
5767	6683
82	0
558	0
2372	0
84	0
0	0
212	0
153	0
143	0
200	0
1148	0
92	0
472	0
93	0
0	0
14	0
50	0
0	0
10917	0
277	0
61	0
131	0
1481	0
16	0
253	0
20	0
0	0
24	0
0	0
191	0
1523	0
4	0
260	0
0	0
281	0
515	0
86	0
0	0
75	0
0	0
246	0
153	0
345	0
49	0
63	0
18736	0
0	0
414	0
993	0
0	0
3	0
208	7
0	0
0	0
0	0
0	0
0	0
422	0
481	0
0	0
30	0
78	0
4	0
0	0
319	0
136	0
167	0
80	0
0	0
1664	0
37	0
11	0
390	0
9	0
0	0
52	0
51	0
0	0
696	0
23	0
76	0
5	0
0	0
0	0
0	0
38	0
178	0
746	0
1314	0
402	0
58	0
310	0
48	0
40	0
222	0
131	0
951	0
1309	0
8	0
596	0
408	0
7708	0
227	0
191	0
95	0
97	0
20	0
1745	0
0	0
23	0
6	0
20	0
0	0
10456	4
0	0
44	0
126	0
0	0
761	0
0	0
0	0
0	0
405	0
3	0
295	0
16	0
42	0
44	0
102	0
11	0
0	0
2	0
0	0
92	0
5074	0
227	0
284	0
114	0
836	0
632	0
43	0
0	0
616	0
7	0
26199	0
46	0
18	0
18	0
55	0
1073	0
519	0
0	0
12	0
22	0
8	0
0	0
15	0
75	0
142	0
32	0
16	0
199	9
224	0
122	0
84	0
7	0
0	0
221	0
0	0
0	0
32052	0
34	0
170	0
35	0
0	0
150	0
85	0
29	0
7	0
0	0
5463	4
15094	0
0	0
591	0
446	0
38	0
0	0
407	0
0	0
443	0
0	0
66	0
352	0
805	0
143	0
324	0
142	0
33	0
0	0
124	0
53	0
66	0
91	0
2093	0
853	3
24	0
15	0
34	0
40	0
0	0
116	0
0	0
27	0
0	0
0	0
92	0
115	0
459	0
0	0
0	0
66	0
6	0
302	0
91	0
55	0
7	0
936	0
671	0
2691	0
0	0
6	0
322	0
0	0
14	0
19	0
0	0
165	0
954	4
0	0
107	0
0	0
1309	0
304	0
70	0
229	0
0	0
65	0
546	0
16	0
29	0
14	0
102	0
125	0
0	0
28	0
128	0
907	0
32	0
3208	0
373	0
0	0
829	0
281	0
120	0
5952	0
12	0
483	0
0	0
739	0
101	0
3057	0
807	0
0	0
2166	0
1152	0
71	0
170	0
484	0
0	0
0	0
25	0
38	0
12	0
0	0
24	0
18	0
341	0
0	0
790	0
54	0
37	0
87	0
0	0
91	0
1424	0
2176	0
5756	0
916	0
342	0
124	0
30	0
39	0
46	0
992	0
140	0
0	0
724	0
0	0
2	0
27	0
15	0
302	0
131	0
0	0
927	0
320	0
71	0
449	0
0	0
0	0
12	0
0	0
167	0
1237	1
0	0
5	0
298	0
18	0
5005	7
303	0
4661	0
0	0
7	0
21	0
85	0
0	0
0	0
903	0
18	0
56	0
22	0
278	0
37	0
0	0
643	0
0	0
197	0
35	0
5	0
139	0
140	0
11	0
33	0
173	0
254	0
111	0
22	0
1232	0
15	0
234	0
1302	0
67	0
91	0
0	0
719	0
16	0
806	0
20	0
379	0
0	0
176	0
211	0
14	0
568	0
25	0
394	0
0	0
51	0
1286	0
125	0
51	0
7	0
4	0
9	0
22	0
17	0
73	0
20	0
503	0
25	0
147	0
268	0
30	0
76	0
187	0
116	0
461	0
5	0
419	0
613	0
111	0
221	0
0	0
121	0
102	0
57	0
13	0
24	0
118	0
0	0
712	0
1023	0
1636	0
34	0
96	0
0	0
280	0
222	0
280	0
235	0
262	0
1	0
155	0
98	0
67	0
0	0
71	0
219	0
0	0
498	0
400	0
255	0
153	0
0	0
12	0
233	0
0	0
7	0
23	0
109	0
0	0
88	0
833	0
523	0
0	0
82	0
76	0
0	0
46862	0
5	0
15	0
7	0
163	0
39	0
24	0
38	0
85	0
0	0
1221	0
391	0
85	0
0	0
22	0
0	0
65	0
942	0
79	0
0	0
0	0
0	0
13	0
253	0
0	0
180	0
0	0
46	0
3005	0
19	0
97	0
212	0
297	0
197	0
895	0
104	0
0	0
10931	3
121	0
2709	0
307	0
469	0
2	0
1	0
0	0
85	0
436	0
31	0
0	0
105	0
110	0
0	0
3	0
0	0
289	0
0	0
8	0
53	0
57	0
45	0
0	0
248	0
216	0
350	0
0	0
6	0
74	0
12867	0
27	0
124	0
188	0
20	0
83	0
2	0
63	0
234	0
192	0
59	0
98	0
0	0
298	0
0	0
392	0
94	0
183	0
21	0
0	0
11	0
1076	0
149	0
0	0
13	0
97	0
130	0
91	0
422	0
889	0
0	0
19	0
1116	0
83	0
39	0
12	0
0	0
1084	0
107	0
53	0
0	0
829	0
3911	0
56	0
3	0
476	0
432	0
17	0
16	0
93	0
0	0
5	0
0	0
11	0
46	0
185	0
137	0
532	0
235	0
43	0
0	0
596	0
686	0
363	0
23	0
396	0
0	0
2198	0
0	0
10	0
41	0
288	0
0	0
0	0
243	0
484	0
1415	0
0	0
28	0
0	0
254	0
162	0
33	0
469	0
19	0
267	0
33	0
219	0
69	0
0	0
52	0
190	0
7	0
408	0
47	0
9	0
297	0
0	0
8123	0
2152	0
34	0
32	0
37	0
8	0
121	0
478	0
351	0
29149	2
28	0
8	0
551	0
403066	22
0	0
11	0
23	0
0	0
0	0
21	0
5	0
62	0
0	0
41	0
95	0
2340	0
671	0
5	0
0	0
7	0
85	0
22	0
110	0
21	0
15	0
52	0
431	0
209	0
13	0
46	0
792	0
71	0
0	0
0	0
26	0
139	0
207	0
568	0
0	0
16	0
222	0
0	0
645	0
0	0
86	0
0	0
7	0
6	0
175	0
58	0
3643	0
469	0
10	0
146	0
47	0
328	0
1598	0
38	0
16	0
0	0
129	0
83	0
149	0
7	0
156	0
22	0
0	0
0	0
54	0
4884	0
64	0
14	0
29	0
78	0
0	0
7	0
477	0
66	0
40	0
752	0
7	0
421	0
559	0
867	0
71	0
28	0
15	0
1945	0
170	0
12	0
33	0
16	0
377	0
244	0
97	0
8	24
12	0
44	0
98	0
356	0
339	0
176	0
116	0
281	0
112	0
40	0
6877	0
126	6
1250	0
234	0
556	0
0	0
0	0
189	0
33	0
159	0
1018	0
3	0
114	0
29	0
49	0
89	0
28	0
826	0
347	0
319	0
343	0
171	0
43	0
55	0
722	0
928	0
67	0
182	0
214	0
119	0
0	0
2744	0
129	0
82	0
0	0
413	0
256	0
306	0
406	0
0	0
39	0
12	0
32118	2
0	0
18	0
40	0
22	0
0	0
514	0
247	0
120	0
32	0
28	0
0	0
40	0
102	0
6	0
0	0
0	0
68	0
138	0
2	0
48	0
119	0
91	0
24226	0
69	0
0	0
397	0
15	0
285	0
1514	0
169	0
0	0
148	0
45	0
114	0
25	0
217	0
533	0
0	0
0	0
17	0
739	0
38	0
233	0
109	0
0	0
407	0
449	0
5400	0
11330	7485
9	0
0	0
0	0
373	0
0	0
131	0
134	0
0	0
0	0
233	0
64	0
0	0
49	0
97	0
818	0
289	0
17	0
156	0
10	0
4	0
28	0
0	0
96	0
466	0
3111	0
206	0
1290	0
315	0
105	0
0	0
467	0
104	0
114	0
385	0
397	0
734	0
0	0
448	0
2494	0
65	0
1878	0
771	0
35	0
0	0
36	0
473	0
38	0
178	0
20	0
283	0
407	0
297	0
78	0
96	0
0	0
21	0
1134	0
430	0
46	0
21	0
5	0
74	0
130	0
141	0
869	0
18	0
2242	1
249	0
1225	0
212	0
0	0
306	0
101	0
0	0
13	0
497	0
182	0
96	0
0	0
294	0
139	0
26	0
54	0
97	0
229	0
3	0
0	0
352	0
151	0
249	0
1861	0
0	0
129	0
13	0
33	0
57	0
285	0
0	0
5	0
0	0
0	0
98	0
0	0
1842	0
700	0
30	0
605	0
58	0
88	0
0	0
231	0
373	0
394989	17
46	0
97	0
113	0
0	0
343	0
30	0
2524	0
156	0
45	0
0	0
1012	0
129	0
15	0
589	0
583	0
1	0
257	0
29	0
867	0
82	0
0	0
1417	0
78	0
1379	0
233	0
0	0
0	0
0	0
10	0
49360	4
0	0
141	0
310	0
1656	0
97	0
50	0
381	0
0	0
0	0
11	0
0	0
93	0
784	0
0	0
29	0
174	0
1847	0
374	0
0	0
0	0
183	0
126	0
42	0
1092	0
42	0
15	0
236	0
20	0
32	0
132	0
323	0
0	0
7	0
86	0
97	0
118	0
202	0
0	0
467	0
127	0
141	0
216	0
669	0
212	0
127	0
1125	0
316	0
3	0
262	0
0	0
175	0
77	0
1	0
120	0
17	0
156	0
0	0
401	0
140	0
192	0
7918	0
0	0
0	0
236	0
28	0
7	0
0	0
3	0
0	0
629	0
32	0
324	0
0	0
15	0
199	0
0	0
43	0
39	0
0	0
11	0
3373	0
191	0
0	0
159	0
102	0
336	0
181	0
156	0
38	0
110	0
4465	0
405	0
0	0
36	0
3	0
13	0
36	0
52	0
19	0
350	0
2048	0
26	0
0	0
0	0
0	0
159	0
0	0
0	0
92	0
118	0
42	0
0	0
281	0
41	0
16	0
52	0
0	0
71	0
145	0
929	0
473	0
134	0
0	0
13	0
23	0
506	0
0	0
98	0
0	0
243	0
4	0
45	0
69	0
0	0
0	0
135	0
225	0
69	0
0	0
12	0
43	0
1180	0
8	0
89	0
134	0
3	0
38	0
190	0
0	0
128	0
1253	0
62	0
5	0
0	0
54	0
576	0
0	0
216	0
883	0
1186	0
288	0
27	0
10	0
47	0
44	0
788	0
12	0
21	0
312	0
98	0
259	0
37	0
0	0
26	0
0	0
0	0
0	0
0	0
963	0
7	0
6	0
6	0
1971	0
0	0
17	0
8	0
372	0
2460	0
13	0
0	0
7	0
43	0
0	0
337	0
17	0
179	0
227	0
26	0
12	0
0	0
0	0
173	0
1535	0
2	0
0	0
55	0
0	0
895	0
7	0
214	0
49	0
130	0
36	0
0	0
63	0
157	0
235	0
122	0
745	0
114	0
16	0
27	0
2540	0
71	0
67	0
146	5
132	0
0	0
185	0
60	0
727	0
108	0
282	0
0	0
248	0
610	0
432	0
18	0
132	0
814	0
1	0
88	0
0	0
43	0
1	0
152	0
193	0
573	0
150	0
203	0
2	0
15504	1
0	0
0	0
186	0
100	0
173	0
21	0
0	0
2060	0
673	0
5	0
201	0
2567	0
271	0
0	0
27	0
97	0
231	0
427	0
190	0
141	0
9	0
54	0
28	0
2355	0
20	0
130	0
159	0
228	0
37	0
0	0
998	0
309	0
4	0
15	0
124	0
28	0
153	0
0	0
75	0
18	0
16556	0
24	0
8	0
644	0
96	0
596	0
592	0
0	0
466	0
748	0
312	0
18265	0
54	0
0	0
42	0
2417	0
91	0
971	0
110	0
162	0
16	0
94	0
794	0
0	0
474	0
9	0
12	0
0	0
193	0
140	0
0	0
587	0
0	0
0	0
170	0
171	0
177	0
164	0
0	0
189	0
9	0
176	0
95	0
720	0
205	0
0	0
141	0
40	0
15	0
1757	0
44	0
41	0
46	0
27	0
0	0
405	0
150	0
70	0
1057	0
1	0
94	0
168	0
195	0
0	0
129	0
107	0
876	0
442	0
0	0
381	0
203	0
275	0
704	0
0	0
11	0
4	0
655	0
757	0
0	0
208	0
0	0
621	0
766	0
275	0
80	0
40	0
359	0
705	0
20	0
76	0
1173	0
749	0
215	0
10	0
19	0
242	0
752	0
0	0
86	0
379	0
9339	0
0	0
122	0
30	0
41	0
4728	0
160	0
288	0
51	0
5	0
14	0
36	0
100	0
419	0
0	0
148	0
22	0
0	0
2506	0
153	0
298	0
0	0
191	0
0	0
12	0
138	0
0	0
278	0
62	0
560	0
149	0
35	0
1109	0
2304	0
39	0
7	0
25196	9
2	0
107	0
594	0
133	0
66	0
55	0
240	0
59	0
49	0
3	0
56	0
645	0
157	0
0	0
184	0
214	0
555	0
312	0
45	0
47	0
0	0
453	0
101	0
119	0
45	0
359	0
31	0
50	0
1	0
69	0
202	0
209	0
45	0
0	0
0	0
10	0
0	0
74	0
509	0
763	0
167	0
328	0
75	0
58	0
221	0
41	0
30	0
0	0
0	0
7	0
800	0
177	0
313	0
46	0
229	0
119	0
18	0
30	0
1	0
8	0
2719	0
0	0
0	0
26	0
1	0
26	0
8	0
178	0
138	0
119	0
0	0
14	0
14	0
0	0
0	0
0	0
83	0
0	0
272	0
18	0
0	0
0	0
63	0
34	0
0	0
193	0
95	0
3653	0
117	0
0	0
0	0
1878	0
6	0
156	0
185	0
860	0
778	0
113	0
273	0
287	0
11	0
41	0
36	0
0	0
223	0
133	0
14	0
54	0
1958	0
43	0
88	0
0	0
776	0
10	0
75	0
4	0
30	0
0	0
7	0
831	0
0	0
283	0
209	0
48	0
57	0
0	0
100	0
60	0
35	0
0	0
268	0
22	0
141	0
224	0
652	0
114	0
136	0
601	0
177	0
854	0
0	0
728	0
36	0
61	0
0	0
2	0
83	0
142	0
39	0
0	0
0	0
252	0
6	0
0	0
67	0
52	0
43	0
1004	0
9	0
68	0
0	0
83	0
695	0
33	0
189	0
8	0
10	0
336	0
0	0
18	0
68	0
0	0
9	0
125	0
39	0
0	0
0	0
200	0
0	0
0	0
49	0
48	0
340	0
0	0
318	0
0	0
400	0
143	0
95	0
40	0
29	0
207	0
68	0
117	0
50	0
496	0
0	0
143	0
28	0
1788	0
20	0
117	0
0	0
8	0
0	0
234	0
7	0
0	0
189	0
0	0
48	0
287	0
0	0
91	0
26	0
340	0
418	0
0	0
397	0
440	0
0	0
6	0
130	0
0	0
237	0
384	0
346	0
5031	0
375	0
7	0
7	0
8	0
48	0
0	0
9	0
15144	0
19	0
151	0
7	0
177	0
0	0
201	0
159	0
64	0
69	0
28	0
102	0
392	0
24	0
217	0
0	0
243	0
0	0
39	0
80	0
219	0
15	0
0	0
72	0
365	0
130	0
0	0
209	0
217	0
14513	0
58	0
711	0
201	0
179	0
20332	0
18	0
22	0
25	0
9	0
65	0
0	0
135	0
804	0
0	0
94	0
7	0
227	0
9	0
0	0
69	0
2118	0
13	0
89	0
29	0
800	0
41	0
581	0
397	0
22	0
2	0
0	0
916	0
168	0
1	0
0	0
0	0
16	0
522	0
0	0
0	0
561	0
0	0
70	0
125	0
2197	0
0	0
0	0
192	0
330	0
859	0
47	0
45	0
192	0
31	0
22	0
166	0
3	0
0	0
32	0
1	0
26	0
4	0
1	0
312	0
289	0
481	0
21	0
0	0
46	0
26	0
8457	0
494	4
26	0
130	0
469	0
9	0
78	0
393	0
24	0
22	0
37	0
279	0
120	0
0	0
381	0
2476	0
57	0
50	0
19	0
0	0
115	0
18	0
0	0
0	0
0	0
0	0
86	0
12	0
1	0
869	0
83	0
30	0
576	0
279	0
0	0
89	0
0	0
0	0
157	0
666	0
10	0
3	0
0	0
140	0
0	0
432	0
0	0
111	0
219	0
19	0
523	0
0	0
20525	4
295	0
119	0
0	0
36	0
91	0
56	0
906	0
0	0
41	0
124	0
213	0
3025	0
82	0
7	0
3	0
8	0
54	0
5819	4
138	0
1017	0
38	0
346	0
0	0
411	0
0	0
8	0
0	0
371	0
0	0
92	0
124	0
6	0
36	0
35	0
516	0
205	0
216	0
134	0
18	0
3	0
172	0
180	0
975	0
611	0
36	0
8259	0
0	0
40	0
0	0
5	0
383	0
1300	0
83	0
394	0
0	0
679	0
0	0
17	0
3	0
172	0
0	0
0	0
12	0
91	0
35	0
777	0
38	0
0	0
0	0
5	0
19	0
109	0
391	0
0	0
0	0
313	0
0	0
28	0
498	0
1044	0
511	0
7	0
106	0
5246	0
8	0
1926	0
1193	0
111	0
150	0
0	0
0	0
1619	0
40	0
1410	0
0	0
49	0
244	0
441	0
140	0
425	0
509	0
142	0
10	0
113	0
247	0
263	0
352	0
136	0
14	0
18	0
0	0
74	0
10902	0
19	0
388	0
172	0
285	0
41	0
66	0
47	0
17	0
786	0
549	0
0	0
0	0
13	0
0	0
606	0
967	8
473	0
177	0
46	0
11	0
1	0
70	0
28	0
99	0
3653	0
486	0
241	0
30332	0
21	0
9	0
569	0
110	0
141	0
217	0
56	0
142	0
32	0
263	0
0	0
284	0
1576	0
0	0
420	0
21	0
5732	0
204	0
3526	0
508	0
28	0
30	0
367	0
526	0
850	0
11274	1
1041	0
0	0
196	0
13	0
879	0
57	0
0	0
0	0
0	0
53	0
416	0
406	0
256	0
1691	0
240	0
86	0
20	0
163	0
0	0
844	0
508	0
430	0
0	0
161	0
322	0
974	0
144	0
441	0
24	0
102	0
18	0
195	0
820	0
5	0
657	0
354	0
1126	0
604	0
0	0
43	0
16	0
2095	0
382	0
0	0
80	0
7	0
70	0
32	0
245	0
144	0
14	0
646	0
4642	0
101	0
58	0
0	0
22	0
3	0
295	0
88	0
3	0
49	0
28	0
1592	0
302	0
77	0
117	0
31	0
415	0
650	0
0	0
374	0
2	0
431	0
0	0
144	0
229	0
92	0
80	0
280	0
0	0
44	0
0	0
56	0
76	0
598	0
0	0
28	0
529	0
43	0
0	0
0	0
546	0
685	0
359	0
10	0
12530	0
554	0
1	0
2951	0
599	0
0	0
149	0
312	0
89	0
36	0
218	0
124	0
305	0
0	0
146	0
117	0
3	0
29	0
5781	0
0	0
32	0
865	0
96	0
166	0
1272	0
529	0
9	0
54	0
201	0
292	0
161	0
17	0
74	0
180	0
0	0
81	10
54	0
83	0
16	0
689	0
0	0
24	0
462	0
443	0
97	0
796	0
1193	0
274	0
817	0
57	0
0	0
8161	0
11	0
90	0
507	0
10	0
24	0
521	0
1101	0
189	0
124	0
0	0
812	0
423	0
377	0
21	0
174	0
4	0
0	0
80	0
16	0
205	0
298	0
145	0
3550	0
35	0
0	0
7	0
0	0
113	0
164	0
41	0
69	0
275	0
3	0
258	0
306	0
81	0
1351	0
137	0
110033	11
125	0
0	0
275	0
66	0
0	0
525	0
275	0
1	0
509	0
1079	0
8	0
26	0
46	0
12	0
231	0
0	0
0	0
644	0
91	0
161	0
23	0
146	0
402	0
126	0
646	0
0	0
385	0
266	0
5	0
455	0
211	0
9	0
21	0
3	0
32	0
1088	0
122	0
218	0
352	0
159	0
20	0
9	0
22	0
57	0
0	0
507	0
768	0
0	0
0	0
604	0
337	0
183	0
0	0
0	0
8	0
118	0
56340	0
1	0
828	0
0	0
26	0
0	0
0	0
255	0
64	0
0	0
4	0
515	0
219	0
107	0
6	0
1006	0
13	0
0	0
0	0
0	0
388	0
0	0
590	0
78	0
133	0
203	0
32	0
7	0
237	0
7	0
1093	0
556	0
0	0
313	0
0	0
56	0
62	0
7	0
607	0
1876	0
27	0
1183	0
799	0
234	0
71	0
169	0
96	0
4709	3
0	0
802	0
80	0
43	0
72	0
232	0
1	0
607	0
183	0
0	0
150	0
145	0
16	0
160	0
0	0
9	0
7	0
0	0
127	0
1372	0
279	0
123	0
254	0
47	0
24	0
0	0
428	0
1	0
8	0
29	0
321	0
205	0
269	0
18	0
3	0
620	0
261	0
68	0
101	0
94	0
137	0
328	0
66	0
194	0
0	0
376	0
18	0
196	0
113	0
0	0
210	0
1055	0
554	0
66	0
127	0
47	0
0	0
5756	0
131	0
209	0
20	0
191	0
110	0
73	0
147	0
91	0
0	0
69	0
0	0
11	0
13	0
550	0
196	0
0	0
70	0
58	0
12	0
21	0
0	0
0	0
65	0
0	0
725	0
0	0
548	0
26	0
0	0
259	0
6	0
182	0
0	0
0	0
0	0
180	0
567	0
967	0
408	0
29	0
284	0
1061	0
0	0
0	0
118	0
796	0
197	0
106	0
840	0
63	0
30	0
28	0
671	0
0	0
0	0
76	0
186	0
221	0
97	0
701	0
5507	0
634	0
248	0
0	0
21	0
57	0
130	0
0	0
1432	0
36	0
9	0
84	0
59	0
9	0
0	0
12	0
28	0
0	0
255	0
93	0
597	0
70	0
300	0
0	0
116	0
1678	0
35	0
633	0
9	0
0	0
0	0
0	0
21	0
0	0
549	0
0	0
58	0
84	0
0	0
68	0
30	0
0	0
124	0
0	0
1290	0
152	0
574	0
5282	3
1450	0
276	0
11	0
102	0
0	0
3	0
8	0
1685	0
52	0
720	0
32	0
0	0
24	0
0	0
0	0
132	0
23	0
336	0
12	0
316	0
10	0
196	0
603	0
730	0
117	0
19	0
0	0
28	0
916	0
0	0
757	0
231	0
0	0
146	0
520	0
492	0
285	0
142	0
0	0
0	0
61	0
2648	0
6262	3
581	0
0	0
0	0
0	0
276	0
0	0
172	0
4363	0
38	0
195	0
131	0
79	0
368	0
28	0
63	0
48	0
373	0
321	0
13	0
0	0
109	0
0	0
121	0
35	0
185	0
75	0
0	0
469	0
11	0
159	0
91	0
131	0
1761	0
492	0
81	0
361	0
22	0
15	0
17	0
142	0
131	0
13	0
1794	0
100	0
0	0
1914	0
3	0
255	0
67	0
0	0
0	0
23	0
592	0
44	0
493	0
9	0
204	0
639	0
307	0
1560	0
448	0
53	0
73	0
0	0
827	0
191	0
1674	0
67	0
1393	0
16	0
125	0
58	0
32665	6
106	0
69	0
1143	0
29	0
26	0
172	0
274	0
9	0
62	0
506	0
0	0
6	0
18	0
354	0
2129	0
312	0
347	0
53	0
0	0
545	0
0	0
3	0
10	0
3890	0
64	0
10	0
406	0
85	7
346	0
317	0
281	0
0	0
0	0
0	0
25	0
29	0
13	0
30765	0
167	0
0	0
24	0
945	0
919	0
430	0
1077	0
357	0
0	0
214	0
186	0
28	0
16	0
43	0
84	0
126	0
21	0
2	0
305	0
444	0
119	0
3314	0
122	0
291	0
28	0
13	0
0	0
118	0
79	0
255	0
0	0
95	0
63	0
136	0
19	0
17	0
4312	5
22	0
541	0
6	0
218	0
9	0
68	0
168	0
18	0
0	0
0	0
23	0
419	0
41	0
0	0
117	0
73	0
984	0
44	0
61	0
201	0
28	0
51	0
6	0
126	0
811	0
0	0
0	0
577	0
32	0
6	0
15	0
772	0
114	0
566	0
18149	0
23	0
77	0
4	0
2	0
4	0
58	0
261	0
158	0
3604	0
17	0
57	0
736	0
0	0
516	0
706	0
0	0
86	0
229	0
0	0
81	0
5155	0
226	0
9	0
0	0
1151	0
0	0
1	0
66	0
14	0
59	0
13	0
24	0
0	0
21	0
212	0
226	0
445	0
23	0
102	0
1704	0
4	0
0	0
21324	0
234	0
0	0
20	0
199	0
770	0
17	0
207	0
0	0
189	0
75	0
73	0
23	0
87	0
905	0
7	0
829	0
112	0
2	0
162	0
296	0
0	0
0	0
7	0
26	0
2802	0
178	0
57	0
25	0
206	0
32	0
156	0
41	0
0	0
272	0
133	0
276	0
620	0
28	0
231	0
2	0
313	0
222	0
103	0
204	0
67	0
0	0
16	0
27	0
886	4
15	0
0	0
0	0
620	0
158	0
23	0
77	0
69	0
0	0
253	0
1501	0
71	0
33	0
197	0
0	0
5280	0
0	0
437	0
0	0
0	0
1222	0
0	0
42	0
0	0
0	0
11	0
21	0
3	0
148	0
214	0
103	0
1434	0
719	0
104	0
364	0
68	0
63	0
0	0
205	0
584	0
5	0
2	0
230	0
55	0
56	0
321	0
122	0
0	0
15	0
5	0
0	0
40	0
88	0
140	0
192	0
113	0
0	0
16	0
364	0
369	0
29	0
152	0
1117	0
0	0
17	0
469	0
0	0
0	0
1047	0
0	0
91	0
641	0
905	0
0	0
71	0
4531	0
74	0
137	0
1419	0
56	0
0	0
9217	0
2609	0
95	0
333	0
0	0
383	0
0	0
382	0
493	0
0	0
441	0
26	0
0	0
84	0
1083	1
2066	4
673	0
15	0
11696	0
743	0
0	0
15	0
0	0
53	0
12	0
428	0
54	0
17	0
1	0
2331	0
322	0
221	0
0	0
22	0
20	0
0	0
132	0
0	0
0	0
184	0
868	0
1406	0
955	0
2751	0
46	0
70	0
4792	0
20	0
1244	0
726	0
300	0
0	0
0	0
0	0
586	2
361	0
109	0
6	0
187	0
21	0
277	0
89	0
40	0
21809	0
0	0
39	0
182	0
33	0
27	0
0	0
12	0
201	0
516	0
15	0
109	0
206	0
0	0
0	0
81	0
0	0
46	0
0	0
788	0
3823	6
44	0
261	0
0	0
48	0
72	0
107	0
7	0
105	0
88	0
200	0
17	0
70	0
0	0
24	0
8540	0
24	0
682	0
562	0
97	0
71	0
124	0
0	0
0	0
500	0
227	0
311	0
103	0
0	0
10546	0
121	0
1194	4
0	0
94	0
359	0
126	0
44	0
0	0
202	0
111	0
315	0
804	0
207	0
388	0
43	0
1247	0
402	0
9	0
0	0
198	0
90014	2
2	0
37	0
503	0
113	0
584	0
189	0
54	0
0	0
9	0
7135	0
0	0
24	0
4362	5
31	0
256	0
92	0
206	0
391	0
193	0
0	0
23	0
0	0
477	0
107	0
0	0
57	0
85	0
23	0
690	0
311	0
113	0
6	0
149	0
0	0
0	0
59	0
71	0
0	0
523	0
471	0
982	0
0	0
11	0
0	0
35	0
32	0
939	0
135	0
0	0
196	0
532	0
1985	0
8	0
410	0
45	0
19	0
147	0
0	0
175	0
4	0
0	0
0	0
106	0
0	0
864	0
6738	0
433	0
1425	0
2010	0
48474	6
0	0
433	0
0	0
504	0
119	0
46	0
1385	0
69	0
58	0
33	0
264	0
52	0
233	0
141	0
448	0
82	0
0	0
2	0
426	0
715	0
0	0
78	0
57	0
0	0
14	0
0	0
53	0
391	0
91	0
86	0
9	0
44	0
123	0
0	0
0	0
0	56568
233	0
139	0
742	0
5770	0
155	0
69	0
10562	0
70	0
0	0
138	0
0	0
165	0
504	0
125	0
0	0
10	0
13	0
12637	0
99	0
3502	0
0	0
0	0
401	0
87	0
46	0
1147	0
9	0
9	0
37	0
62	0
1243	0
691	0
185	0
80	0
4071	0
6	0
317	0
344	0
0	0
55	0
96	0
44	0
146	0
11	0
22	0
154	0
92	0
67	0
0	0
345	0
517	0
55	0
63	0
0	0
169	0
0	0
0	0
8	0
1436	0
905	0
0	0
19	0
63	0
0	0
241	0
6	0
0	0
153	0
29	0
5	0
133	0
0	0
336	0
11	0
526	0
34	0
0	0
71	0
1709	0
0	0
10	0
159	0
784	0
0	0
139	0
0	0
1925	0
0	0
0	0
0	0
14	0
289	0
129	0
12	0
19	0
91	0
296	0
51	0
232	0
88	0
0	0
29	0
89	0
0	0
101	0
0	0
287	0
0	0
2	0
138	0
220	0
275	0
128	0
81	0
21	0
343	0
63	0
9	0
0	0
669	0
0	0
3	0
0	0
201	0
440	0
0	0
41	0
704	0
0	0
92	0
170	0
6	0
361	0
66	0
154	0
139	0
1824	0
465	0
230	0
100	0
672	0
34	0
39	0
64	0
59	0
84	0
28	0
0	0
415	0
29	0
55	0
0	0
307	0
40	0
827	0
42	0
7	0
156	0
119	0
157	0
537	0
37	0
142	0
303	0
43	0
1277	0
195	0
0	0
1162	5
82	0
38	0
80	0
0	0
225	0
14	0
0	0
28	0
91	0
533	0
1879	0
127	0
35	0
1221	0
260	0
96	0
15	0
4316	0
304	0
426	0
0	0
8	0
169	0
11	0
0	0
5	0
740	0
55	0
0	0
69	0
10	0
606	0
0	0
0	0
102	0
0	0
286	0
0	0
0	0
0	0
0	0
0	0
0	0
0	0
4	0
0	0
51	0
0	0
0	0
0	0
